trade_date,ts_code,open,high,low,close,pre_close,change,pct_chg,vol,amount,turnover_rate,volume_ratio,ma5,ma_v_5,ma10,ma_v_10,ma13,ma_v_13,ma21,ma_v_21,ma30,ma_v_30,ma60,ma_v_60,ma120,ma_v_120
20170822,603976.SH,11.9388,14.3294,11.9388,14.3294,9.9514,4.378,43.9938,67.0,137.81,0.0248,,,,,,,,,,,,,,,
20170823,603976.SH,15.7609,15.7609,15.7609,15.7609,14.3294,1.4314999999999998,9.99,68.64,155.676,0.0254,,,,,,,,,,,,,,,
20170824,603976.SH,17.3384,17.3384,17.3384,17.3384,15.7609,1.5775000000000006,10.0089,76.0,189.62,0.0281,,,,,,,,,,,,,,,
20170825,603976.SH,19.0757,19.0757,19.0757,19.0757,17.3384,1.7373000000000012,10.02,283.26,777.549,0.1049,,,,,,,,,,,,,,,
20170828,603976.SH,20.9868,20.9868,20.9868,20.9868,19.0757,1.9110999999999976,10.0185,501.0,1513.02,0.1856,,17.4982,199.18,,,,,,,,,,,,
20170829,603976.SH,23.0855,23.0855,23.0855,23.0855,20.9868,2.098700000000001,10.0001,708.57,2353.87,0.2624,3.56,19.2495,327.494,,,,,,,,,,,,
20170830,603976.SH,25.3926,25.3926,25.3926,25.3926,23.0855,2.307100000000002,9.9937,3194.42,11672.411,1.1831,9.75,21.1758,952.65,,,,,,,,,,,,
20170831,603976.SH,27.9291,27.9291,27.9291,27.9291,25.3926,2.5364999999999966,9.9891,1861.08,7479.681,0.6893,1.95,23.2939,1309.666,,,,,,,,,,,,
20170901,603976.SH,30.7227,30.7227,30.7227,30.7227,27.9291,2.7936000000000014,10.0025,4814.72,21285.877,1.7832,3.68,25.6233,2215.958,,,,,,,,,,,,
20170904,603976.SH,32.6685,33.7943,31.5497,33.7943,30.7227,3.0716,9.9978,181305.69,859348.175,67.1503,81.82,28.1848,38376.896,22.8415,19288.038,,,,,,,,,,
20170905,603976.SH,30.5768,31.5358,30.417,30.417,33.7943,-3.377299999999998,-9.9937,110484.71,487415.675,40.9203,2.88,29.6511,60332.124,24.4503,30329.809,,,,,,,,,,
20170906,603976.SH,28.7005,29.9514,27.8388,28.3461,30.417,-2.0709000000000017,-6.8084,86508.93,357173.24,32.0403,1.43,30.2418,76995.026,25.7088,38973.838,,,,,,,,,,
20170907,603976.SH,28.0751,29.18,27.9361,28.7213,28.3461,0.37519999999999953,1.3236,68280.44,283336.187,25.2891,0.89,30.4003,90278.898,26.8471,45794.282,24.3,35242.6508,,,,,,,,
20170908,603976.SH,28.1584,28.6657,26.435,27.0049,28.7213,-1.7164000000000001,-5.9761,74523.98,295018.82,27.6015,0.83,29.6567,104220.75,27.64,53218.354,25.275,40970.1108,,,,,,,,
20170911,603976.SH,26.8937,27.6928,26.1432,27.4635,27.0049,0.45860000000000056,1.6982,53285.99,207468.447,19.7356,0.51,28.3906,78616.81,28.2877,58496.853,26.1752,45063.7531,,,,,,,,
20170912,603976.SH,27.1022,28.1306,26.845,27.0466,27.4635,-0.41689999999999827,-1.518,54471.1,215394.787,20.1745,0.69,27.7165,67414.088,28.6838,63873.106,26.922,49247.9915,,,,,,,,
20170913,603976.SH,26.7338,28.6727,26.4837,28.4851,27.0466,1.4384999999999977,5.3186,68288.81,273554.235,25.2922,1.01,27.7443,63770.064,28.9931,70382.545,27.6458,54479.1877,,,,,,,,
20170914,603976.SH,29.2217,29.7498,28.082,28.5059,28.4851,0.020800000000001262,0.073,84584.42,352410.521,31.3276,1.33,27.7012,67030.86,29.0507,78654.879,28.2242,60947.1431,,,,,,,,
20170915,603976.SH,27.9361,27.9917,26.7547,26.8798,28.5059,-1.626100000000001,-5.7044,48905.45,191437.83,18.1131,0.73,27.6762,61907.154,28.6664,83063.952,28.5161,64654.5954,,,,,,,,
20170918,603976.SH,26.4976,26.6227,25.4343,25.4969,26.8798,-1.3828999999999994,-5.1448,41988.96,155442.104,15.5515,0.68,27.2829,59647.748,27.8367,69132.279,28.5241,67638.7908,,,,,,,,
20170919,603976.SH,25.5038,26.1849,25.5038,25.6915,25.4969,0.19460000000000122,0.7632,26225.33,97337.233,9.7131,0.44,27.0118,53998.594,27.3642,60706.341,28.352,69512.9638,25.3559,43353.7381,,,,,,
20170920,603976.SH,25.5386,26.5184,25.4413,26.2752,25.6915,0.5837000000000003,2.272,30704.47,114574.126,11.372,0.57,26.5699,46481.726,27.1571,55125.895,28.0099,71504.4831,25.9248,44812.6652,,,,,,
20170921,603976.SH,26.1918,26.5462,25.5247,25.5386,26.2752,-0.7366000000000028,-2.8034,27634.11,103507.786,10.2349,0.59,25.9764,35091.664,26.8388,51061.262,27.3748,59683.5923,26.3904,46125.3067,,,,,,
20170922,603976.SH,25.4343,26.0598,24.6699,25.6359,25.5386,0.09730000000000061,0.381,28730.19,105054.725,10.6408,0.82,25.7276,31056.612,26.7019,46481.883,27.007,53394.7831,26.7855,47489.7919,,,,,,
20170925,603976.SH,25.3648,26.0598,25.212,25.483,25.6359,-0.15289999999999893,-0.5964,21305.73,78694.08,7.891,0.69,25.7248,26919.966,26.5038,43283.857,26.7868,48379.1523,27.0906,48490.8619,,,,,,
20170926,603976.SH,25.6011,25.8443,23.5789,23.9472,25.483,-1.5358000000000018,-6.0268,33855.41,119251.516,12.539,1.26,25.376,28445.982,26.1939,41222.288,26.4195,45731.0731,27.2316,50079.1671,,,,,,
20170927,603976.SH,23.6275,24.1001,23.6206,23.8568,23.9472,-0.09039999999999893,-0.3775,14761.33,50693.727,5.4672,0.52,24.8923,25257.354,25.7311,35869.54,26.1774,41133.9462,27.2683,50748.3462,,,,,,
20170928,603976.SH,23.829,24.0097,23.2175,23.2453,23.8568,-0.6114999999999995,-2.5632,18128.71,61695.255,6.7143,0.72,24.4336,23356.274,25.205,29223.969,25.8529,38429.54,27.166,51459.5029,,,,,,
20170929,603976.SH,23.2106,23.4816,22.8492,22.9743,23.2453,-0.2710000000000008,-1.1658,18584.1,61696.61,6.883,0.8,23.9013,21327.056,24.8145,26191.834,25.5397,35669.0015,26.9301,52255.8371,,,,,,
20171009,603976.SH,23.2801,23.3843,23.0438,23.2731,22.9743,0.29879999999999995,1.3006,13277.46,44378.468,4.9176,0.62,23.4593,19721.402,24.5921,23320.684,25.1387,31437.3592,26.5753,52658.8248,25.0901,37247.0003,,,,
20171010,603976.SH,23.2453,25.6011,23.1828,25.6011,23.2731,2.3279999999999994,10.003,60126.71,217281.41,22.2692,3.05,23.7901,24975.662,24.583,26710.822,24.9153,29555.9969,26.1852,46888.3971,25.4658,39248.9907,,,,
20171011,603976.SH,26.4072,28.0751,26.1154,26.1293,25.6011,0.5282000000000018,2.0632,100048.75,388072.387,37.0551,4.01,24.2446,42033.146,24.5685,33645.25,24.8576,33490.0969,25.981,46391.4467,25.8115,42581.661,,,,
20171012,603976.SH,25.8513,26.9284,24.4684,26.845,26.1293,0.7156999999999982,2.7391,62319.8,227853.214,23.0814,1.48,24.9646,50871.364,24.6991,37113.819,24.9613,35054.0077,25.9095,45239.5833,26.1283,44656.4543,,,,
20171013,603976.SH,26.1293,28.9437,25.9972,27.4705,26.845,0.6255000000000024,2.33,104424.56,417229.617,38.6758,2.05,25.8638,68039.456,24.8826,44683.256,25.0981,41069.3331,25.85,46960.7319,26.4082,48127.831,,,,
20171016,603976.SH,26.2821,26.7547,25.3648,25.483,27.4705,-1.9875000000000007,-7.235,54797.05,204829.872,20.2952,0.81,26.3058,76343.374,24.8826,48032.388,25.0372,42922.6085,25.7775,46021.3543,26.558,49937.6993,,,,
20171017,603976.SH,25.6081,26.303,25.1355,25.8026,25.483,0.3196000000000012,1.2542,31345.47,116521.422,11.6094,0.41,26.3461,70587.126,25.0681,47781.394,25.0575,43208.0977,25.6984,44976.5676,26.6486,50958.9293,,,,
20171018,603976.SH,25.6428,26.303,24.934,24.9618,25.8026,-0.8408000000000015,-3.2586,36784.91,136180.495,13.624,0.52,26.1126,57934.358,25.1786,49983.752,25.0056,43827.6915,25.5991,44134.3681,26.6342,52078.6123,,,,
20171019,603976.SH,24.5031,25.1355,23.975,23.9958,24.9618,-0.9660000000000011,-3.8699,33750.33,118406.393,12.5001,0.58,25.5427,52220.464,25.2536,51545.914,24.8912,44784.9685,25.3854,42489.6786,26.5031,53141.5873,,,,
20171020,603976.SH,24.2182,24.2877,23.4955,24.246,23.9958,0.25019999999999953,1.0427,23006.52,78923.472,8.5209,0.44,24.8978,35936.856,25.3808,51988.156,24.9142,43950.4385,25.1825,39557.3976,26.2872,53747.9807,,,,
20171023,603976.SH,24.3224,24.6352,24.1001,24.5796,24.246,0.33360000000000056,1.3759,19217.81,67375.747,7.1177,0.53,24.7172,28821.008,25.5115,52582.191,24.9698,44293.2446,25.073,38143.7005,25.9801,48345.0513,,,,
20171024,603976.SH,24.5657,24.8367,23.5928,24.4058,24.5796,-0.17379999999999995,-0.7071,24478.79,85393.169,9.0662,0.85,24.4378,27447.672,25.3919,49017.399,25.0591,44781.7123,25.021,37309.8829,25.7797,45478.1873,,,,
20171025,603976.SH,24.4128,24.6491,24.1209,24.4892,24.4058,0.08340000000000103,0.3417,19910.5,69995.726,7.3743,0.73,24.3433,24072.79,25.2279,41003.574,25.1756,44883.7431,24.9638,37009.1767,25.6512,43258.2397,,,,
20171026,603976.SH,24.4406,24.524,24.0931,24.2669,24.4892,-0.2223000000000006,-0.9077,17780.66,62191.347,6.5854,0.74,24.3975,20878.856,24.9701,36549.66,25.252,45230.1431,24.8681,36393.7571,25.5027,41574.9137,,,,
20171027,603976.SH,24.3919,24.4475,23.6345,23.7248,24.2669,-0.5421000000000014,-2.2339,21297.54,73630.293,7.888,1.02,24.2933,20537.06,24.5955,28236.958,25.1077,42243.2838,24.7818,36092.0157,25.3933,39800.699,,,,
20171030,603976.SH,23.8013,23.8013,21.5427,22.0361,23.7248,-1.6886999999999972,-7.1179,26426.99,85131.269,9.7878,1.29,23.7846,21978.896,24.2509,25399.952,24.7929,36580.0715,24.6103,35982.3395,25.2124,38905.399,,,,
20171031,603976.SH,22.2307,22.4878,22.057,22.3489,22.0361,0.3127999999999993,1.4195,14183.27,45460.908,5.2531,0.65,23.3732,19919.792,23.9055,23683.732,24.447,32877.2615,24.4611,35643.1748,25.0558,37562.4713,,,,
20171101,603976.SH,22.3836,22.7241,22.1056,22.6685,22.3489,0.3196000000000012,1.43,16668.91,53963.504,6.1737,0.84,23.009,19271.474,23.6762,21672.132,24.0776,26126.8269,24.4002,34824.77,24.8619,35841.808,,,,
20171102,603976.SH,22.6407,23.3495,22.3767,22.9673,22.6685,0.29879999999999995,1.3181,23093.1,76409.044,8.553,1.2,22.7491,20333.962,23.5733,20606.409,23.8841,23688.0615,24.3579,35221.521,24.6773,33792.0973,,,,
20171103,603976.SH,23.0021,23.1967,22.4114,22.4322,22.9673,-0.5350999999999999,-2.3298,15726.81,51408.239,5.8247,0.77,22.4906,19219.816,23.3919,19878.438,23.6248,22486.6262,24.3191,35107.1448,24.5291,32686.1427,,,,
20171106,603976.SH,22.3975,23.2453,22.3975,23.2106,22.4322,0.7783999999999978,3.47,18516.28,61003.334,6.8579,0.96,22.7255,17637.674,23.255,19808.285,23.4901,21081.3469,24.3304,35103.9152,24.4529,31903.72,,,,
20171107,603976.SH,23.1411,24.0306,23.1411,23.7665,23.2106,0.5559000000000012,2.395,28514.17,97098.321,10.5608,1.62,23.009,20503.854,23.1911,20211.823,23.4725,20678.5654,24.3539,35829.4729,24.3887,31980.0147,,,,
20171108,603976.SH,23.7665,24.2877,23.3218,23.8568,23.7665,0.09029999999999916,0.3799,28601.45,98255.626,10.5931,1.39,23.2467,22890.362,23.1279,21080.918,23.4426,21108.9446,24.2708,34328.27,24.3081,31909.914,,,,
20171109,603976.SH,23.6275,23.7943,23.1897,23.4399,23.8568,-0.41689999999999827,-1.7475,19023.76,64241.422,7.0458,0.83,23.3412,22076.494,23.0452,21205.228,23.3549,21094.0177,24.1428,30469.9371,24.2381,31622.9023,,,,
20171110,603976.SH,23.5302,23.5719,23.287,23.419,23.4399,-0.02090000000000103,-0.0892,14392.86,48596.086,5.3307,0.65,23.5386,21809.704,23.0146,20514.76,23.279,20318.1769,23.9796,28187.7019,24.1642,31144.9913,,,,
20171113,603976.SH,23.4955,24.2738,23.4955,24.1765,23.419,0.7575000000000003,3.2346,27665.23,95700.332,10.2464,1.27,23.7317,23639.494,23.2286,20638.584,23.2549,20914.6946,23.8228,24532.4957,24.1207,31356.9747,,,,
20171114,603976.SH,24.0584,24.1696,23.1411,23.2801,24.1765,-0.8963999999999999,-3.7077,21058.42,71558.329,7.7994,0.89,23.6345,22148.344,23.3217,21326.099,23.179,21166.83,23.7179,22925.8943,24.0984,30930.4083,,,,
20171115,603976.SH,23.2106,23.2662,22.0778,22.4114,23.2801,-0.8687000000000005,-3.7315,18884.89,61513.149,6.9944,0.85,23.3454,20205.032,23.296,21547.697,23.078,20981.2415,23.5564,22332.5333,24.0503,31067.8603,,,,
20171116,603976.SH,22.4253,22.599,22.0361,22.1056,22.4114,-0.3058000000000014,-1.3645,11049.39,35544.15,4.0924,0.55,23.0785,18610.158,23.2099,20343.326,23.0833,19798.3492,23.4204,21107.0324,24.0123,30831.883,,,,
20171117,603976.SH,21.8902,22.3419,20.1529,20.3961,22.1056,-1.7094999999999985,-7.7333,19832.12,60451.651,7.3452,1.07,22.4739,19698.01,23.0062,20753.857,22.9331,20232.8762,23.2489,20444.2605,23.9263,30873.4837,,,,
20171120,603976.SH,19.9097,20.6463,19.7012,20.542,20.3961,0.14590000000000103,0.7153,9691.23,28171.167,3.5893,0.49,21.747,16103.21,22.7394,19871.352,22.7695,19696.1315,23.0726,19810.199,23.8353,30753.9427,24.4627,34000.4715,,
20171121,603976.SH,20.6602,20.7992,20.0139,20.2641,20.542,-0.2779000000000025,-1.3528,10788.58,31679.989,3.9958,0.67,21.1438,14049.242,22.3891,18098.793,22.5616,18749.63,22.8671,19408.8071,23.6574,29109.3383,24.5616,34179.1645,,
20171122,603976.SH,20.1946,20.4934,19.9583,20.0764,20.2641,-0.18769999999999953,-0.9263,8442.06,24458.078,3.1267,0.6,20.6768,11960.676,22.0111,16082.854,22.3804,18189.2646,22.6609,18645.1533,23.4556,26055.782,24.6335,34318.7215,,
20171123,603976.SH,20.0764,20.0764,18.499,18.6449,20.0764,-1.4314999999999998,-7.1303,12609.29,35270.594,4.6701,1.05,19.9847,12272.656,21.5316,15441.407,22.0292,17734.8808,22.3826,18297.4767,23.1823,24398.765,24.6553,34527.6097,,
20171124,603976.SH,18.6449,18.8951,18.5129,18.77,18.6449,0.12509999999999977,0.671,10021.24,27009.93,3.7116,0.82,19.6595,10310.48,21.0667,15004.245,21.6448,16312.3477,22.1208,17927.9805,22.8923,21251.9877,24.6502,34689.9093,,
20171127,603976.SH,18.7074,18.7283,18.1932,18.3322,18.77,-0.4377999999999993,-2.3324,9294.8,24629.491,3.4425,0.9,19.2175,10231.194,20.4823,13167.202,21.2199,14827.2208,21.8641,17356.4214,22.6539,19735.246,24.606,34836.4727,,
20171128,603976.SH,18.2766,19.0132,18.2766,18.9993,18.3322,0.6671000000000014,3.639,10935.38,29456.127,4.0501,1.07,18.9646,10260.554,20.0542,12154.898,20.8783,14205.0377,21.7194,16618.7257,22.4271,19054.9097,24.5379,35006.9195,,
20171129,603976.SH,18.9854,18.9854,18.5893,18.9368,18.9993,-0.0625,-0.329,8738.4,23593.387,3.2364,0.85,18.7366,10319.822,19.7067,11140.249,20.5335,13770.0792,21.557,16359.4462,22.2263,18120.026,24.4303,35099.3192,,
20171130,603976.SH,18.9298,19.4371,18.8047,19.0549,18.9368,0.11809999999999832,0.6237,9525.45,26339.769,3.5279,0.92,18.8186,9703.054,19.4017,10987.855,20.1395,12374.7115,21.3849,16019.2814,22.0616,17312.53,24.2824,35227.0587,,
20171201,603976.SH,19.173,19.6664,19.0549,19.5622,19.0549,0.5073000000000008,2.6623,10741.06,30172.532,3.9782,1.11,18.9771,9847.018,19.3183,10078.749,19.8535,11581.0685,21.2227,15431.089,21.9055,16903.6813,24.0964,35325.831,,
20171204,603976.SH,19.4371,19.4441,18.3808,18.4434,19.5622,-1.1188000000000002,-5.7192,13717.04,37125.022,5.0804,1.39,18.9993,10731.466,19.1084,10481.33,19.5483,11183.5415,21.0328,15335.3857,21.7009,16720.3223,23.8405,32532.6868,,
20171205,603976.SH,18.5823,18.7074,17.2481,17.4427,18.4434,-1.000700000000002,-5.4258,11588.54,29806.657,4.2921,1.08,18.688,10862.098,18.8263,10561.326,19.1896,11225.0146,20.7581,15005.4933,21.4688,16290.6473,23.6243,30884.4173,,
20171206,603976.SH,17.2133,17.9291,17.2133,17.7901,17.4427,0.3474000000000004,1.9917,8857.58,22374.397,3.2806,0.82,18.4587,10885.934,18.5976,10602.878,18.9892,10380.8192,20.4735,14069.4652,21.2455,15922.2167,23.4483,29590.2282,,
20171207,603976.SH,17.7901,17.943,17.6164,17.804,17.7901,0.01389999999999958,0.0781,6034.04,15434.202,2.2348,0.55,18.2085,10187.652,18.5136,9945.353,18.7785,10099.4969,20.1853,12994.8267,21.0301,15530.6627,23.2664,28552.7882,,
20171208,603976.SH,17.7345,18.4712,17.7345,18.214,17.804,0.41000000000000014,2.3029,8569.4,22488.377,3.1739,0.84,17.9388,9753.32,18.458,9800.169,18.6208,9928.7908,19.9365,12497.0,20.8464,15106.3913,23.1199,27453.5452,,
20171211,603976.SH,18.2766,18.4364,18.214,18.3183,18.214,0.10430000000000206,0.5726,6244.22,16455.424,2.3127,0.64,17.9138,8258.756,18.4566,9495.111,18.4856,9759.7262,19.6936,12108.9695,20.7225,14433.6323,22.9675,26669.5157,,
20171212,603976.SH,18.5546,18.5546,17.7623,18.1515,18.3183,-0.16680000000000206,-0.9106,9727.0,25417.703,3.6026,1.18,18.0556,7886.448,18.3718,9374.273,18.4476,9538.0115,19.4067,11254.7681,20.5826,14285.09,22.8192,25923.7807,,
20171213,603976.SH,17.5956,18.7422,17.5956,18.7144,18.1515,0.5629000000000026,3.1011,10969.39,28954.201,4.0627,1.39,18.2404,8308.81,18.3495,9597.372,18.4434,9610.9462,19.1893,10774.3381,20.4508,14095.106,22.6564,24968.457,,
20171214,603976.SH,18.499,18.6518,18.3252,18.5129,18.7144,-0.2015000000000029,-1.0767,8022.13,21321.087,2.9712,0.97,18.3822,8706.428,18.2953,9447.04,18.4573,9513.0485,19.0036,10257.0638,20.3023,13592.7403,22.4898,23692.4188,,
20171215,603976.SH,18.5615,18.7352,18.0681,18.2279,18.5129,-0.2849999999999966,-1.5395,6857.23,18247.029,2.5397,0.79,18.385,8363.994,18.1619,9058.657,18.3979,9199.3446,18.819,10057.4371,20.1621,13297.0877,22.3456,22991.6152,,
20171218,603976.SH,18.0681,18.9646,17.8527,18.8395,18.2279,0.6115999999999993,3.3553,17993.96,47997.381,6.6644,2.15,18.4892,10713.942,18.2015,9486.349,18.3904,9911.3108,18.7448,9969.9057,20.0164,13279.677,22.2347,22591.6985,,
20171219,603976.SH,18.8186,19.6942,18.6935,19.1452,18.8395,0.3056999999999981,1.6227,21353.73,58705.651,7.9088,1.99,18.688,13039.288,18.3718,10462.868,18.3974,10821.1785,18.6783,10525.2629,19.8624,13040.9957,22.1256,22510.5052,,
20171220,603976.SH,18.624,18.8534,18.3461,18.36,19.1452,-0.7851999999999997,-4.1013,12382.06,33186.754,4.5859,0.95,18.6171,13321.822,18.4288,10815.316,18.3049,10947.4092,18.5876,10601.1429,19.6792,12500.3493,21.9936,22205.1317,,
20171221,603976.SH,18.4851,18.5407,17.8666,18.2766,18.36,-0.08340000000000103,-0.4542,8345.62,21919.121,3.091,0.63,18.5698,13386.52,18.476,11046.474,18.2921,10534.2231,18.5019,10596.5505,19.5071,12144.4113,21.8726,21883.6568,,
20171222,603976.SH,18.082,18.4642,18.082,18.2001,18.2766,-0.07649999999999935,-0.4186,4848.47,12770.148,1.7957,0.36,18.5643,12984.768,18.4746,10674.381,18.3503,10015.7562,18.4808,10226.9876,19.3331,11826.265,21.7487,21485.6282,,
20171225,603976.SH,18.1167,18.3808,17.6164,18.3808,18.2001,0.18070000000000164,0.9929,9877.09,25584.39,3.6582,0.76,18.4725,11361.394,18.4809,11037.668,18.3958,10094.18,18.4622,10220.1233,19.1399,11233.327,21.6303,21295.1508,,
20171226,603976.SH,18.2418,19.2147,18.1932,19.0966,18.3808,0.715799999999998,3.8943,22497.67,61281.24,8.3325,1.98,18.4628,11590.182,18.5754,12314.735,18.4952,11360.6131,18.4986,10848.8314,19.0005,11281.302,21.5495,21105.8552,,
20171227,603976.SH,18.7908,19.2981,18.7908,19.1035,19.0966,0.0069000000000016826,0.0361,19126.1,52510.773,7.0837,1.65,18.6115,12938.99,18.6143,13130.406,18.5636,12172.6669,18.5036,11238.8657,18.8902,11289.3423,21.4702,21178.6013,,
20171228,603976.SH,18.9854,19.7846,18.8256,19.6942,19.1035,0.5906999999999982,3.0921,24428.41,68260.204,9.0476,1.89,18.895,16155.548,18.7324,14771.034,18.6695,13571.4508,18.5397,11986.009,18.8098,11735.3097,21.411,21283.5963,,
20171229,603976.SH,19.5136,19.7081,19.1313,19.1939,19.6942,-0.5002999999999993,-2.5403,15564.72,43328.999,5.7647,0.96,19.0938,18298.798,18.829,15641.783,18.7497,14020.5062,18.5463,12273.5933,18.7697,11593.063,21.348,21233.2733,,
20180102,603976.SH,19.1174,19.4232,19.041,19.2078,19.1939,0.01389999999999958,0.0724,10095.62,27937.903,3.7391,0.55,19.2592,18342.504,18.8659,14851.949,18.7876,13953.2931,18.5294,12242.8581,18.7253,11606.5427,21.2803,21180.2427,,
20180103,603976.SH,19.0827,19.2425,18.8325,19.0618,19.2078,-0.14599999999999724,-0.7601,11962.95,32722.381,4.4307,0.65,19.2522,16235.56,18.8575,13912.871,18.8298,14256.4331,18.5588,12159.33,18.6852,11645.6883,21.1713,20377.5133,,
20180104,603976.SH,19.0341,19.0688,18.7074,18.7283,19.0618,-0.3335000000000008,-1.7496,9651.93,26236.057,3.5748,0.59,19.1772,14340.726,18.8944,13639.858,18.8683,14471.41,18.6201,12067.1105,18.6403,11686.0173,21.0479,18870.8997,,
20180105,603976.SH,18.6657,18.9298,18.5198,18.6588,18.7283,-0.06950000000000145,-0.3711,7323.0,19687.464,2.7122,0.51,18.9701,10919.644,18.9326,13537.596,18.8544,13650.5669,18.6614,11994.0352,18.6407,11509.8077,20.9115,17954.2863,,
20180108,603976.SH,18.6796,18.8186,18.3391,18.8117,18.6588,0.15289999999999893,0.8195,9690.19,25851.699,3.589,0.89,18.8937,9744.738,18.9937,14021.768,18.8288,12753.3715,18.7094,12168.1376,18.6421,11498.7727,20.7672,16375.3802,,
20180109,603976.SH,18.7005,19.5969,18.6866,19.4649,18.8117,0.6532000000000018,3.4723,28732.48,80137.603,10.6417,2.95,18.9451,13472.11,19.1021,15907.307,18.9138,14011.0962,18.769,13128.2843,18.6799,12146.6953,20.6669,15940.9707,,
20180110,603976.SH,19.3537,19.3537,18.763,19.0688,19.4649,-0.39610000000000056,-2.0349,17180.63,47110.3,6.3632,1.28,18.9465,14515.646,19.0994,15375.603,18.9747,14690.7123,18.8047,13649.0657,18.6822,12354.8703,20.5547,15704.89,,
20180111,603976.SH,18.9576,19.8193,18.7769,19.7429,19.0688,0.6740999999999993,3.5351,28111.6,79082.288,10.4117,1.94,19.1494,18207.58,19.1633,16274.153,19.0934,16480.1838,18.8805,14524.5229,18.7091,13000.6437,20.4677,15560.3348,,
20180112,603976.SH,19.6039,19.8888,19.319,19.6525,19.7429,-0.09039999999999893,-0.4579,18018.24,50750.151,6.6734,0.99,19.3482,20346.628,19.1591,15633.136,19.1912,17106.4262,18.9252,14860.1824,18.729,13283.7367,20.3953,15298.1333,,
20180115,603976.SH,19.6664,19.7359,19.1661,19.3676,19.6525,-0.2849000000000004,-1.4497,14902.45,41524.565,5.5194,0.73,19.4593,21389.08,19.1765,15566.909,19.2121,16522.1785,18.9659,15187.8167,18.7225,13422.4497,20.314,15163.0655,,
20180116,603976.SH,19.3676,21.2995,19.18,20.4934,19.3676,1.1258000000000017,5.8128,49318.68,144520.652,18.2662,2.31,19.665,25506.32,19.3051,19489.215,19.319,18844.6846,19.0738,17209.7905,18.7908,14609.171,20.2459,15664.7467,,
20180117,603976.SH,20.1807,20.7783,19.8888,20.6324,20.4934,0.13899999999999935,0.6783,35816.79,104907.32,13.2655,1.4,19.9778,29233.552,19.4621,21874.599,19.3911,19720.7138,19.1591,18058.4967,18.8971,15416.7793,20.183,15853.7133,,
20180118,603976.SH,20.3266,20.6393,20.0973,20.2571,20.6324,-0.3752999999999993,-1.819,19121.15,55914.709,7.0819,0.65,20.0806,27435.462,19.615,22821.521,19.4729,19994.2854,19.2121,17952.1833,18.9794,15758.8983,20.1125,15840.5575,,
20180119,603976.SH,20.1529,20.6602,19.7637,19.8471,20.2571,-0.41000000000000014,-2.024,20630.84,60121.277,7.6411,0.75,20.1195,27957.982,19.7338,24152.305,19.5221,20804.6869,19.2829,18344.9824,19.0475,16245.4583,20.0388,15888.0605,,
20180122,603976.SH,19.4927,19.6108,18.6657,18.9576,19.8471,-0.8895000000000017,-4.4818,17407.98,47813.121,6.4474,0.62,20.0375,28459.088,19.7484,24924.084,19.5141,21223.5354,19.3153,18776.5233,19.0723,16540.0777,19.9593,15823.2345,,
20180123,603976.SH,18.9576,19.18,18.8186,19.0549,18.9576,0.09730000000000061,0.5133,8437.66,23033.982,3.1251,0.3,19.7498,20282.884,19.7074,22894.602,19.5392,21130.13,19.356,18947.4371,19.0968,16613.1923,19.9097,15523.4123,,
20180124,603976.SH,19.1035,19.4441,18.8534,19.2495,19.0549,0.19460000000000122,1.0213,10728.64,29678.728,3.9736,0.53,19.4732,15265.254,19.7255,22249.403,19.5846,21392.1023,19.3974,18987.9871,19.1334,16646.5803,19.858,15465.8352,,
20180125,603976.SH,19.0966,19.3746,18.8325,18.8603,19.2495,-0.38920000000000243,-2.0219,10776.92,29726.625,3.9915,0.71,19.1939,13596.408,19.6372,20515.935,19.5884,21475.6969,19.3861,18429.8562,19.1383,16640.1647,19.7945,15367.6353,,
20180126,603976.SH,18.8881,19.0549,18.2766,18.3252,18.8603,-0.5350999999999999,-2.8372,11895.0,31987.354,4.4056,0.87,18.8895,11849.24,19.5045,19903.611,19.5007,20180.5062,19.3491,18085.5181,19.132,16769.2603,19.7172,15181.0003,,
20180129,603976.SH,18.3322,18.6032,17.665,18.0681,18.3252,-0.25709999999999766,-1.403,9879.89,25768.79,3.6592,0.83,18.7116,10343.622,19.3746,19401.355,19.4237,19618.9108,19.2716,17392.7314,19.1267,16870.0157,19.6444,15083.5517,,
20180130,603976.SH,18.0195,18.221,17.9361,18.1167,18.0681,0.04860000000000042,0.269,5968.21,15525.141,2.2104,0.58,18.524,9849.732,19.1369,15066.308,19.2986,17915.5731,19.2204,16935.7548,19.1026,16469.1573,19.5595,14874.4172,,
20180131,603976.SH,18.1098,18.1098,17.3037,17.4357,18.1167,-0.6810000000000009,-3.759,9955.18,25221.838,3.6871,1.01,18.1612,9695.04,18.8172,12480.147,19.1281,17295.3377,19.136,16929.0671,19.0456,16089.2057,19.454,14565.1007,,
20180201,603976.SH,17.4983,17.5608,16.0528,16.2543,17.4357,-1.1814,-6.7758,12912.16,31195.365,4.7823,1.33,17.64,10122.088,18.4169,11859.248,18.8886,17142.2385,19.0023,16974.2676,18.9754,16106.8757,19.3273,14303.6125,,
20180202,603976.SH,16.2543,16.6018,15.6428,16.0737,16.2543,-0.18060000000000187,-1.1111,7236.0,16725.885,2.68,0.71,17.1897,9190.288,18.0396,10519.764,18.5487,13905.1092,18.8759,16859.2233,18.902,16069.8883,19.2045,14107.1498,,
20180205,603976.SH,15.6915,15.9694,15.5733,15.6915,16.0737,-0.3821999999999992,-2.3778,5810.87,13202.103,2.1522,0.63,16.7144,8376.484,17.713,9360.053,18.1686,11596.9615,18.7346,16787.2171,18.8184,16101.9683,19.0757,13964.1167,,
20180206,603976.SH,15.3926,15.3926,14.1209,14.1279,15.6915,-1.5635999999999992,-9.9646,12738.62,27147.009,4.718,1.52,15.9166,9730.566,17.2203,9790.149,17.6971,11105.9977,18.5115,16932.3805,18.6766,16197.3527,18.9083,13715.3398,,
20180207,603976.SH,14.524,14.5518,13.7874,14.4267,14.1279,0.29879999999999995,2.115,10011.86,20636.998,3.7081,1.03,15.3148,9741.902,16.738,9718.471,17.2802,10289.1531,18.2716,16040.9224,18.521,15781.159,18.7607,13531.2305,,
20180208,603976.SH,14.4267,15.0452,14.385,14.9548,14.4267,0.5281000000000002,3.6606,9843.29,21032.593,3.6457,1.01,15.0549,9128.128,16.3475,9625.108,16.9723,9707.2538,18.0757,15691.5252,18.3827,15471.732,18.6364,13380.5372,,
20180209,603976.SH,14.4614,14.7741,14.2043,14.517,14.9548,-0.4378000000000011,-2.9275,7815.22,16346.03,2.8945,0.86,14.7436,9243.972,15.9666,9217.13,16.6232,9659.3738,17.8269,14725.031,18.2101,14917.959,18.51,13326.6343,,
20180212,603976.SH,14.656,15.1564,14.6282,14.9479,14.517,0.43090000000000117,2.9682,6185.29,13271.028,2.2908,0.67,14.5949,9318.856,15.6546,8847.67,16.2923,9309.8854,17.6028,14161.5571,18.0686,14605.3113,18.4192,13099.1872,,
20180213,603976.SH,15.0104,15.1425,14.8297,14.8367,14.9479,-0.11120000000000019,-0.7439,4883.29,10505.423,1.8086,0.52,14.7366,7747.79,15.3266,8739.178,15.9828,8856.5292,17.3871,13684.4543,17.9229,14431.567,18.3241,13019.0548,21.3934,23509.7632
20180214,603976.SH,14.8158,14.9409,14.6074,14.6838,14.8367,-0.1529000000000007,-1.0306,3955.93,8374.86,1.4652,0.51,14.788,6536.604,15.0514,8139.253,15.7027,8245.8315,17.1104,11524.3233,17.7769,14164.6663,18.2311,12905.1773,21.3963,23542.1709
20180222,603976.SH,15.0104,15.1147,14.788,15.0521,14.6838,0.3682999999999996,2.5082,3984.28,8579.018,1.4757,0.61,14.8075,5364.802,14.9312,7246.465,15.4707,7792.3231,16.8447,10008.4895,17.6544,13975.7447,18.1473,12830.881,21.3904,23574.8013
20180223,603976.SH,14.9757,15.1842,14.8506,15.1425,15.0521,0.0904000000000007,0.6006,5146.58,11132.824,1.9061,0.96,14.9326,4831.074,14.8381,7037.523,15.2419,7729.1208,16.6011,9343.0338,17.5372,13903.1973,18.0889,12706.5025,21.3721,23617.0561
20180226,603976.SH,15.2884,15.7679,15.2884,15.6776,15.1425,0.5350999999999999,3.5338,10201.15,22876.781,3.7782,2.11,15.0785,5634.246,14.8367,7476.551,15.1067,7748.0415,16.4026,8846.3819,17.4327,13920.2293,18.0374,12709.501,21.3438,23699.7052
20180227,603976.SH,15.7054,15.7054,15.4969,15.6081,15.6776,-0.06949999999999967,-0.4433,6859.86,15393.638,2.5407,1.22,15.2328,6029.56,14.9847,6888.675,15.0569,7282.48,16.2431,8344.0905,17.3041,13191.142,17.992,12668.9187,21.299,23752.6957
20180228,603976.SH,15.5594,15.5594,15.3162,15.4899,15.6081,-0.11819999999999986,-0.7573,5821.22,12910.893,2.156,0.97,15.394,6402.618,15.091,6469.611,15.012,7173.6508,16.0733,8219.4981,17.1848,12812.495,17.9335,12583.6827,21.2357,23795.3011
20180301,603976.SH,15.4065,15.6289,15.3787,15.622,15.4899,0.13209999999999944,0.8528,7214.28,16140.851,2.672,1.13,15.508,7048.618,15.1578,6206.71,15.0067,7281.6054,15.9006,8052.1476,17.0475,12115.9177,17.8783,12558.2807,21.1543,23828.7999
20180302,603976.SH,15.5664,15.7401,15.3718,15.4274,15.622,-0.19459999999999944,-1.2457,7181.47,16055.792,2.6598,1.02,15.565,7455.596,15.2488,6143.335,15.1067,6854.1323,15.7371,7880.9357,16.9066,11754.692,17.8178,12519.2143,21.0501,23873.1365
20180305,603976.SH,15.4135,15.6915,15.3579,15.6428,15.4274,0.21539999999999893,1.3962,7892.3,17650.972,2.9231,1.06,15.558,6993.826,15.3183,6314.036,15.2002,6691.0892,15.6094,7690.331,16.7825,11521.0203,17.7525,12471.735,20.9244,23898.783
20180306,603976.SH,15.6845,16.0876,15.6011,16.0111,15.6428,0.3682999999999996,2.3544,12852.54,29404.95,4.7602,1.84,15.6386,8192.362,15.4357,7110.961,15.2815,6922.57,15.5114,7831.8857,16.6331,10305.4823,17.712,12457.3267,20.7762,22495.0068
20180307,603976.SH,16.025,16.025,15.622,15.9138,16.0111,-0.09729999999999883,-0.6077,11605.78,26431.519,4.2984,1.42,15.7234,9349.274,15.5587,7875.946,15.3889,7214.1515,15.4065,8100.3414,16.4758,9498.4487,17.6865,12457.614,20.6554,21671.0157
20180308,603976.SH,15.9277,16.6713,15.7818,16.5393,15.9138,0.6255000000000006,3.9306,21455.0,50435.546,7.9463,2.29,15.9069,12197.418,15.7074,9623.018,15.5113,8388.7446,15.3639,8647.9519,16.3519,9576.2437,17.6656,12667.571,20.557,21128.8996
20180309,603976.SH,16.5393,16.852,16.4559,16.7547,16.5393,0.21539999999999893,1.3024,18249.06,43683.295,6.7589,1.5,16.1723,14410.936,15.8687,10933.266,15.6589,9416.8808,15.3877,8902.09,16.2488,9496.851,17.6481,12871.1547,20.4573,20711.9714
20180312,603976.SH,17.1091,17.1091,16.6296,16.7894,16.7547,0.03470000000000084,0.2071,15343.0,37165.001,5.6826,1.06,16.4017,15901.076,15.9798,11447.451,15.8208,10292.8092,15.4218,9288.1376,16.1765,9428.0183,17.6244,12984.048,20.3721,20218.7966
20180313,603976.SH,16.852,16.852,16.3377,16.3586,16.7894,-0.4308000000000014,-2.5659,12871.14,30588.262,4.7671,0.81,16.4712,15904.796,16.0549,12048.579,15.9213,10976.4138,15.4535,9624.341,16.0866,9575.801,17.5917,13094.4967,20.2796,19882.0062
20180314,603976.SH,16.3725,16.5045,16.3238,16.3933,16.3586,0.03470000000000084,0.2121,6735.23,15893.319,2.4945,0.42,16.5671,14930.686,16.1452,12139.98,16.0175,11098.6177,15.5614,9338.4652,15.9914,9442.6873,17.5624,13044.6338,20.1908,19484.2073
20180315,603976.SH,16.296,16.296,15.0869,15.6289,16.3933,-0.7644000000000002,-4.6629,14381.37,32611.579,5.3264,0.96,16.385,13515.96,16.1459,12856.689,16.0138,11420.1731,15.6187,9546.5371,15.8837,9562.8357,17.511,13101.5002,20.0837,19034.9786
20180316,603976.SH,15.622,15.7609,15.5525,15.6567,15.6289,0.027800000000000935,0.1779,5674.0,12806.02,2.1015,0.42,16.1654,11000.948,16.1689,12705.942,16.0175,11328.9531,15.6521,9347.9995,15.7948,9355.469,17.4634,13062.3647,19.9766,18377.3918
20180319,603976.SH,15.6984,16.1849,15.5872,16.0806,15.6567,0.4238999999999997,2.7075,7982.78,18368.655,2.9566,0.73,16.0236,9528.904,16.2126,12714.99,16.063,11495.2269,15.7265,9355.9786,15.7285,9292.232,17.4276,13081.1238,19.8866,18036.3695
20180320,603976.SH,15.9694,17.1022,15.8791,16.8659,16.0806,0.7852999999999994,4.8835,26678.8,64071.645,9.881,2.8,16.1251,12290.436,16.2981,14097.616,16.1587,12992.4977,15.8179,10331.86,15.6868,9982.585,17.3947,13225.8712,19.8147,17908.7848
20180321,603976.SH,16.8589,17.0188,16.5184,16.5879,16.8659,-0.2779999999999987,-1.6483,19173.79,46073.608,7.1014,1.56,16.164,14778.148,16.3655,14854.417,16.2479,13914.9838,15.9013,11012.36,15.6586,10289.872,17.3521,13189.5388,19.7388,17850.022
20180322,603976.SH,16.6157,16.7894,16.3864,16.7408,16.5879,0.15289999999999893,0.9218,10565.79,25317.702,3.9133,0.71,16.3864,14015.032,16.3857,13765.496,16.3324,14120.6369,15.9992,11327.1152,15.6748,10211.6597,17.3251,13159.2677,19.6594,17682.1997
20180323,603976.SH,16.0181,16.3864,15.066,15.1842,16.7408,-1.5565999999999995,-9.2982,15854.91,35746.647,5.8722,1.13,16.2919,16051.214,16.2286,13526.081,16.2688,14351.5885,16.0055,11892.3833,15.6451,10498.9567,17.2736,13284.4225,19.5731,17584.0397
20180326,603976.SH,15.073,15.5525,14.3155,15.4969,15.1842,0.31269999999999953,2.0594,8128.12,17652.741,3.0104,0.51,16.1751,16080.282,16.0994,12804.593,16.2367,14084.0762,16.0224,12034.3614,15.6386,10576.1983,17.2285,13339.0833,19.4886,17412.3558
20180327,603976.SH,15.6289,16.3238,15.5733,16.2821,15.4969,0.7851999999999997,5.0668,12282.18,28335.636,4.549,0.76,16.0584,13200.958,16.0917,12745.697,16.2169,13378.4746,16.0512,12133.4581,15.7104,10560.9837,17.1935,13379.1682,19.4119,17337.1595
20180328,603976.SH,16.2891,16.7338,16.0598,16.2682,16.2821,-0.01389999999999958,-0.0854,12430.64,29273.193,4.6039,0.94,15.9944,11852.328,16.0792,13315.238,16.1795,12930.9038,16.0826,12398.7333,15.7718,10641.6097,17.1464,13211.3843,19.3479,17158.6198
20180329,603976.SH,16.1849,16.8242,16.1849,16.8033,16.2682,0.5350999999999999,3.2892,16303.15,38882.389,6.0382,1.38,16.0069,12999.8,16.1967,13507.416,16.1806,13004.7615,16.1451,12897.8729,15.8334,10856.9383,17.1081,13164.3352,19.2891,17171.4683
20180330,603976.SH,16.8798,18.4851,16.8798,18.4851,16.8033,1.681799999999999,10.0087,44259.5,112984.287,16.3924,3.4,16.6671,18680.718,16.4795,17365.966,16.3441,15419.2508,16.2815,14661.931,15.9657,12071.7477,17.0879,13494.8533,19.2495,17389.2248
20180402,603976.SH,19.2842,19.7012,17.9639,18.4017,18.4851,-0.08339999999999748,-0.4512,65162.27,175529.238,24.1342,3.49,17.2481,30087.548,16.7116,23083.915,16.4986,19913.6385,16.4231,17422.9214,16.0808,14037.647,17.0747,14321.4792,19.2114,17777.3763
20180403,603976.SH,17.6233,18.2418,17.5469,17.8388,18.4017,-0.5629000000000026,-3.059,28959.28,74379.284,10.7257,0.96,17.5594,33422.968,16.8089,23311.963,16.6686,21035.0162,16.5277,18426.111,16.1809,14840.18,17.0519,14635.8735,19.1661,17908.0581
20180404,603976.SH,17.9917,18.2974,17.3593,17.4566,17.8388,-0.38219999999999743,-2.1425,22448.73,57878.267,8.3143,0.67,17.7971,35426.586,16.8958,23639.457,16.8071,22325.38,16.5965,18883.0724,16.2733,15456.6067,17.0251,14810.6365,19.0982,17594.0749
20180409,603976.SH,17.3871,18.1932,17.255,18.1306,17.4566,0.6739999999999995,3.861,24961.08,63838.614,9.2448,0.7,18.0626,37158.172,17.0347,25078.986,16.9648,23631.4031,16.7021,19519.039,16.376,16155.8333,17.0152,15065.789,19.0316,16968.3443
20180410,603976.SH,18.3113,18.3322,17.4496,18.1167,18.1306,-0.01389999999999958,-0.0767,25008.22,64450.939,9.2623,0.67,17.9889,33307.916,17.328,25994.317,17.061,23502.8969,16.7772,19688.24,16.4751,16817.888,17.0061,15360.5427,18.9588,16657.4145
20180411,603976.SH,18.0681,19.0757,17.8596,18.763,18.1167,0.6463000000000001,3.5674,37857.41,101144.407,14.0213,1.14,18.0611,27846.944,17.6546,28967.246,17.2283,24940.0985,16.8728,20621.971,16.5779,17739.7633,17.0053,15829.9963,18.8863,16102.6883
20180412,603976.SH,18.7213,19.4371,18.4851,19.0271,18.763,0.2640999999999991,1.4076,33964.55,92900.641,12.5795,1.22,18.2988,28847.998,17.9291,31135.483,17.4042,26740.0031,16.9794,21508.7114,16.6919,18643.253,16.998,15917.1975,18.8325,15929.0841
20180413,603976.SH,19.2564,20.0695,18.9854,20.0069,19.0271,0.9798000000000009,5.1495,49480.12,138779.072,18.326,1.72,18.8089,34254.276,18.303,34840.431,17.7752,29326.5577,17.1531,23251.9962,16.8425,20098.5497,17.0137,16455.5223,18.7842,16080.2062
20180416,603976.SH,19.458,19.7498,18.763,19.2842,20.0069,-0.7227000000000032,-3.6123,37689.94,104485.672,13.9592,1.1,19.0396,36800.048,18.5511,36979.11,18.0665,31600.5438,17.2908,24726.03,16.9646,21114.405,17.006,16615.1613,18.7369,16087.7481
20180417,603976.SH,19.4302,19.4302,17.9847,18.1515,19.2842,-1.1326999999999998,-5.8737,23946.55,64425.79,8.8691,0.65,19.0465,36587.714,18.5177,34947.815,18.2103,32497.8031,17.4109,25181.5148,17.0554,21673.241,16.981,16713.9665,18.6881,16006.0499
20180418,603976.SH,18.2279,18.4851,17.1716,18.3252,18.1515,0.1737000000000002,0.9569,17416.14,44877.601,6.4504,0.48,18.959,32499.46,18.5101,30173.202,18.3685,32881.3031,17.538,25740.6643,17.1448,21990.7023,16.9636,16755.8613,18.6388,15959.4634
20180419,603976.SH,18.3322,18.5754,17.8527,17.8944,18.3252,-0.43079999999999785,-2.3509,14097.79,36989.815,5.2214,0.43,18.7324,28526.108,18.5156,28687.053,18.4524,32711.66,17.6243,26031.8552,17.2075,22032.2107,16.9203,16168.8465,18.5831,15916.7966
20180420,603976.SH,17.5956,18.1098,17.0257,17.0813,17.8944,-0.8131000000000022,-4.5439,15635.9,39443.044,5.7911,0.55,18.1473,21757.264,18.4781,28005.77,18.3445,30509.8446,17.6346,25506.0029,17.2465,22166.548,16.8611,15832.4983,18.5221,15843.1058
20180423,603976.SH,17.0813,17.4427,16.6574,17.0952,17.0813,0.01389999999999958,0.0814,9729.26,23940.686,3.6034,0.45,17.7095,16165.128,18.3745,26482.588,18.244,26245.7669,17.6588,25056.2633,17.265,21775.69,16.8084,15675.9668,18.4604,15758.2622
20180424,603976.SH,17.1022,18.2418,16.852,18.1167,17.0952,1.0215000000000032,5.9754,19432.56,49644.129,7.1972,1.2,17.7026,15262.33,18.3745,25925.022,18.2653,25512.9423,17.7243,25478.4905,17.3104,21815.14,16.7796,15655.9955,18.4092,15772.028
20180425,603976.SH,18.1167,18.3183,17.7971,18.2557,18.1167,0.13899999999999935,0.7672,15569.76,40435.016,5.7666,1.02,17.6887,14893.054,18.3238,23696.257,18.3268,24983.7908,17.8705,25464.9119,17.3593,21822.6987,16.7679,15625.3585,18.3636,15724.2965
20180426,603976.SH,18.2627,18.3808,17.804,17.9083,18.2557,-0.3474000000000004,-1.903,10826.29,28056.199,4.0097,0.73,17.6914,14238.754,18.2119,21382.431,18.3097,23896.4992,17.9854,25593.3962,17.4109,21754.537,16.7488,15665.169,18.3292,15594.2907
20180427,603976.SH,17.9152,19.0202,17.8596,18.7144,17.9083,0.8061000000000007,4.5013,26965.09,72038.252,9.9871,1.89,18.0181,16504.592,18.0827,19130.928,18.3557,24047.0277,18.1012,26292.5824,17.4883,22428.8657,16.7399,15935.7765,18.2989,15700.8058
20180502,603976.SH,18.624,19.0271,18.3461,18.7422,18.7144,0.02779999999999916,0.1485,18384.28,49395.408,6.809,1.11,18.3475,18235.596,18.0285,17200.362,18.3541,22549.0946,18.219,26576.089,17.5921,22562.296,16.7379,16062.5658,18.2662,15715.1006
20180503,603976.SH,18.7422,18.7422,17.7206,18.4642,18.7422,-0.2779999999999987,-1.4833,18012.28,47310.197,6.6712,0.99,18.417,17951.54,18.0598,16606.935,18.3108,21321.9969,18.2981,26657.4762,17.6857,22973.572,16.7402,16164.5205,18.2287,15672.7604
20180504,603976.SH,18.2279,20.3127,18.2279,20.3127,18.4642,1.8484999999999978,10.0113,69885.57,198526.501,25.8835,3.89,18.8284,28814.702,18.2585,21853.878,18.3343,22891.6469,18.3851,27877.7652,17.8267,25036.9983,16.7776,17164.6152,18.211,16124.0834
20180507,603976.SH,20.2919,22.0917,19.6664,20.9868,20.3127,0.6740999999999993,3.3186,94196.94,278702.227,34.8878,3.27,19.4441,45488.832,18.5677,29863.793,18.4653,27238.3392,18.5082,29260.3686,17.9641,27287.603,16.8255,18635.094,18.1925,16754.7556
20180508,603976.SH,20.7366,20.8478,20.2919,20.41,20.9868,-0.5767999999999986,-2.7484,61120.29,180122.35,22.6371,1.34,19.7832,52319.872,18.9006,34412.232,18.639,30097.8577,18.6307,30791.8452,18.0915,28685.8197,16.875,19487.8458,18.1645,17026.4733
20180509,603976.SH,20.0973,20.3405,19.7429,19.9097,20.41,-0.5002999999999993,-2.4512,39130.74,112952.954,14.4929,0.75,20.0167,56469.164,19.1821,37352.38,18.7609,31768.2115,18.7475,31586.2267,18.1971,29637.9847,16.936,19924.8222,18.1316,17114.2173
20180510,603976.SH,19.9861,20.3058,19.9305,20.1737,19.9097,0.26399999999999935,1.326,33494.09,97028.659,12.4052,0.59,20.3586,59565.526,19.3878,38758.533,18.9362,33260.2346,18.8448,31992.5605,18.3634,30225.9573,17.0043,20362.457,18.1044,17234.8034
20180511,603976.SH,20.2432,20.2432,19.8124,19.9792,20.1737,-0.19450000000000145,-0.9641,24595.61,71000.894,9.1095,0.41,20.2919,50507.534,19.5601,39661.118,19.1591,33949.4431,18.9334,31972.9124,18.5128,30774.8737,17.0757,20675.536,18.0757,17319.8263
20180514,603976.SH,19.8749,20.1181,19.2147,19.5205,19.9792,-0.45870000000000033,-2.2959,20917.73,58800.181,7.7473,0.41,19.9986,35851.692,19.7213,40670.262,19.3457,34810.0946,18.9695,31166.261,18.6208,31062.7253,17.1656,20811.8545,18.0369,17263.5972
20180515,603976.SH,19.451,20.0208,19.4024,19.9722,19.5205,0.45170000000000243,2.314,17605.94,49966.661,6.5207,0.49,19.9111,27148.822,19.8471,39734.347,19.4884,34669.5854,19.0145,30387.2795,18.7443,31235.2353,17.258,20938.4225,18.0094,17234.8265
20180516,603976.SH,19.9792,20.3961,19.8471,20.0764,19.9722,0.10419999999999874,0.5217,31168.9,90663.258,11.544,1.15,19.9444,25556.454,19.9805,41012.809,19.6285,35869.5192,19.0178,29515.3167,18.8534,31730.7603,17.3434,21293.8493,17.9899,17337.1933
20180517,603976.SH,19.8124,20.0208,19.6317,19.9027,20.0764,-0.1737000000000002,-0.8652,16527.75,47146.825,6.1214,0.65,19.8902,22163.186,20.1244,40864.356,19.7819,36308.0931,19.0473,28507.5933,18.9006,30806.3687,17.4332,21439.0582,17.9716,17382.8463
20180518,603976.SH,19.7151,20.0764,19.6525,20.0347,19.9027,0.13200000000000145,0.6632,14996.1,42919.066,5.5541,0.68,19.9013,20243.284,20.0966,35375.409,19.8835,35387.4015,19.137,28081.3814,18.9551,29134.163,17.5179,21585.905,17.9686,17342.5461
20180521,603976.SH,20.1529,20.6741,19.3329,20.4934,20.0347,0.45870000000000033,2.2895,28387.07,82924.3,10.5137,1.4,20.0959,21737.152,20.0472,28794.422,20.0182,36156.8469,19.2402,28603.8067,19.0435,29115.0893,17.6122,21977.6347,17.9681,17498.3448
20180522,603976.SH,20.4031,21.1119,20.2919,21.0424,20.4934,0.5489999999999995,2.6789,34785.96,104043.758,12.8837,1.6,20.3099,25173.156,20.1105,26160.989,20.2165,37447.13,19.3901,29588.9576,19.1631,29526.3303,17.7182,22491.4685,17.9746,17698.3229
20180523,603976.SH,20.8478,21.4524,20.5073,20.6393,21.0424,-0.403100000000002,-1.9157,29718.57,89330.621,11.0069,1.18,20.4225,24883.09,20.1834,25219.772,20.2416,34357.3608,19.5595,30259.561,19.2467,29684.9133,17.8113,22920.3733,17.9793,17875.6272
20180524,603976.SH,20.5698,20.9659,20.5351,20.8756,20.6393,0.23629999999999995,1.1449,17418.35,52049.421,6.4512,0.7,20.6171,25061.21,20.2536,23612.198,20.2331,28451.3154,19.7396,30625.7081,19.3387,29431.9177,17.9069,23124.9028,17.9979,17915.7027
20180525,603976.SH,20.9034,20.9034,20.2085,20.6602,20.8756,-0.21539999999999893,-1.0318,20494.71,60536.855,7.5906,0.82,20.7422,26160.932,20.3217,23202.108,20.2523,25326.2708,19.8607,30676.2867,19.4019,28853.161,17.9899,23296.4622,18.0137,18002.9816
20180528,603976.SH,20.663,22.6986,20.406,21.4338,20.663,0.7708000000000013,3.7303,31288.0,67402.433,11.5881,1.2,20.9303,26741.118,20.5131,24239.135,20.3695,24722.9831,20.012,31424.7743,19.4821,28763.9427,18.087,23703.5978,18.0395,18186.2583
20180529,603976.SH,20.7519,21.2065,20.2875,20.4258,21.4338,-1.0080000000000027,-4.7029,38007.82,79837.054,10.055,1.42,20.8069,27385.49,20.5584,26279.323,20.3889,25070.1931,20.1319,32719.1329,19.4961,28381.5327,18.1693,24240.0412,18.0514,18411.8619
20180530,603976.SH,19.7736,19.823,18.3803,18.3803,20.4258,-2.0455000000000005,-10.0143,34193.61,65042.815,9.0459,1.25,20.3551,28280.498,20.3888,26581.794,20.2659,25808.5008,20.116,33063.3481,19.4659,28264.9883,18.2153,24689.6967,18.0468,18623.9887
20180531,603976.SH,18.5581,18.904,18.4396,18.7064,18.3803,0.3261000000000003,1.7742,24229.14,45904.423,6.4098,0.86,19.9213,29642.656,20.2692,27351.933,20.2033,26063.2246,20.1143,33341.6748,19.4844,28274.408,18.2699,24973.8245,18.0439,18746.5194
20180601,603976.SH,18.6668,18.9732,17.649,18.1332,18.7064,-0.5731999999999999,-3.0642,22239.6,41235.337,5.8835,0.75,19.4159,29991.634,20.079,28076.283,20.0619,26419.66,20.0985,33542.9757,19.478,28435.19,18.3114,25212.9462,18.0319,18842.3406
20180604,603976.SH,18.1233,18.4198,17.7874,17.8862,18.1332,-0.2469999999999999,-1.3621,13170.46,24069.063,3.4842,0.44,18.7064,26368.126,19.8183,26554.622,19.8934,25035.1646,19.983,30842.2562,19.4778,28404.279,18.3427,25218.2448,18.0273,18837.7858
20180605,603976.SH,18.0739,19.0028,17.9257,18.904,17.8862,1.0178000000000011,5.6904,23752.13,44718.292,6.2836,0.9,18.402,23516.988,19.6045,25451.239,19.8166,25590.8862,19.8838,27487.7414,19.5385,28674.82,18.3925,25420.684,18.0395,18939.149
20180606,603976.SH,18.8744,19.5364,18.8546,19.0325,18.904,0.12849999999999895,0.6798,25401.49,49270.361,6.72,1.08,18.5325,21758.564,19.4438,25019.531,19.7395,26391.3008,19.8182,25786.8462,19.6031,29197.2277,18.434,25486.4588,18.0498,19077.0149
20180607,603976.SH,19.1016,19.4179,18.657,18.7261,19.0325,-0.3064,-1.6099,14384.4,27434.852,3.8054,0.66,18.5364,19789.616,19.2288,24716.136,19.6035,25314.1723,19.7618,24608.449,19.6234,29028.9557,18.4669,25422.0478,18.0575,19146.6013
20180608,603976.SH,18.5483,18.9732,18.232,18.9633,18.7261,0.2372000000000014,1.2667,13396.04,25228.606,3.5439,0.68,18.7024,18020.904,19.0592,24006.269,19.4436,23668.7938,19.7042,23651.399,19.647,28956.4983,18.5031,25389.5985,18.0638,19186.8233
20180611,603976.SH,18.8546,19.1708,18.6273,18.736,18.9633,-0.2272999999999996,-1.1986,14793.0,28359.4,3.9135,0.82,18.8724,18345.412,18.7894,22356.769,19.2972,22520.6731,19.645,23184.6081,19.6746,29088.722,18.5428,25421.6295,18.0672,19258.0631
20180612,603976.SH,18.736,18.9929,17.7972,18.4988,18.736,-0.2372000000000014,-1.266,15598.96,28990.768,4.1267,0.85,18.7913,16714.778,18.5967,20115.883,19.1144,22380.72,19.5963,22931.3333,19.6674,28709.851,18.5779,25569.3583,18.0701,19306.9961
20180613,603976.SH,18.3901,18.4593,17.7676,17.7874,18.4988,-0.7113999999999976,-3.8457,12511.5,22861.888,3.3099,0.75,18.5423,14136.78,18.5374,17947.672,18.8934,21766.6269,19.4923,22688.741,19.6356,28514.0917,18.6138,25538.1938,18.0624,19319.847
20180614,603976.SH,17.6391,18.0838,17.5008,17.8664,17.7874,0.07899999999999707,0.4441,9313.8,16856.404,2.464,0.66,18.3704,13122.66,18.4534,16456.138,18.619,20076.3038,19.3871,21648.0219,19.6157,28224.1423,18.6507,25598.8572,18.057,19330.6109
20180615,603976.SH,18.0146,18.0146,16.7992,16.898,17.8664,-0.968399999999999,-5.4202,15879.75,27711.067,4.201,1.21,17.9573,13619.402,18.3299,15820.153,18.3476,18374.1446,19.244,21617.1648,19.5018,26423.9483,18.6643,25730.4733,18.0459,19405.7986
20180619,603976.SH,16.5818,16.6806,15.2082,15.2082,16.898,-1.6898,-10.0,15604.2,24810.682,4.1281,1.15,17.2518,13781.642,18.0621,16063.527,18.1036,16944.19,19.0142,21646.1219,19.3092,23804.1903,18.6367,25545.8967,18.0157,19385.8839
20180620,603976.SH,14.8327,15.8209,14.8327,15.6035,15.2082,0.39530000000000065,2.5993,12149.21,19051.723,3.2141,0.88,16.6727,13091.692,17.732,14903.235,17.8649,16014.9646,18.7813,20872.8905,19.149,22171.821,18.6202,25428.8203,17.9862,19309.1796
20180621,603976.SH,15.4948,15.7616,14.892,14.9513,15.6035,-0.6522000000000006,-4.1798,11938.56,18515.959,3.1583,0.91,16.1055,12977.104,17.3239,13556.942,17.6201,15222.5769,18.4913,19784.919,18.9837,21265.415,18.5904,25451.6998,17.9578,19305.4838
20180622,603976.SH,14.9513,15.6924,14.8228,15.5145,14.9513,0.5632000000000001,3.7669,12390.1,19326.88,3.2778,0.95,15.6351,13592.364,17.0027,13357.512,17.4377,15162.5492,18.2472,18959.7538,18.8284,20561.9487,18.5959,25393.953,17.9347,19339.1878
20180625,603976.SH,15.6924,16.2754,15.6035,15.7418,15.5145,0.2272999999999996,1.4651,15049.37,24272.637,3.9813,1.11,15.4039,13426.288,16.6806,13522.845,17.1944,14493.1062,18.0027,18846.9452,18.6872,20243.7407,18.6,25509.3072,17.9143,19424.1953
20180626,603976.SH,15.6035,16.2655,15.3465,16.1964,15.7418,0.454600000000001,2.8879,15983.15,25841.422,4.2283,1.19,15.6015,13502.078,16.4266,13641.86,16.9763,13768.6185,17.7902,18632.109,18.5764,20079.2547,18.5986,25570.99,17.8961,19475.0791
20180627,603976.SH,16.2853,16.3742,15.9296,16.0284,16.1964,-0.16799999999999926,-1.0373,11043.75,17985.476,2.9216,0.82,15.6865,13280.986,16.1796,13186.339,16.7688,13511.6454,17.5328,17668.0971,18.4449,19860.515,18.5946,25547.8752,17.8705,19379.6298
20180628,603976.SH,15.8703,16.1371,15.5343,15.6133,16.0284,-0.4151000000000007,-2.5898,12226.78,19618.644,3.2346,0.92,15.8189,13338.63,15.9622,13157.867,16.5111,13421.7023,17.3036,16440.4286,18.2961,19229.111,18.5747,25479.9357,17.8414,19322.1354
20180629,603976.SH,15.643,16.2853,15.5244,16.147,15.6133,0.5336999999999978,3.4182,13567.4,21958.824,3.5893,1.02,15.9454,13574.09,15.7902,13583.227,16.3119,13327.4254,17.1973,15458.2281,18.1709,19130.4327,18.5358,24968.4007,17.8118,19231.627
20180702,603976.SH,16.147,16.3644,15.6133,15.722,16.147,-0.42499999999999893,-2.6321,14394.75,23339.715,3.8081,1.06,15.9414,13443.166,15.6726,13434.727,16.0983,13234.7938,17.0552,14989.9238,18.0272,19110.3877,18.4911,24122.2753,17.7829,19221.8773
20180703,603976.SH,15.8802,17.1549,15.7616,16.7695,15.722,1.0475000000000012,6.6626,32426.0,54242.841,8.5783,2.41,16.056,16731.736,15.8288,15116.907,16.02,14766.6785,16.9902,15474.9905,17.9031,19245.0187,18.4733,24180.054,17.7626,19407.9638
20180704,603976.SH,16.5027,16.7201,15.6825,15.9987,16.7695,-0.7708000000000013,-4.5964,24402.6,40120.306,6.4557,1.46,16.0501,19403.506,15.8683,16342.246,15.8764,15927.3554,16.9003,16009.8543,17.7349,18898.9067,18.449,24212.6185,17.7371,19511.6275
20180705,603976.SH,16.0185,16.2063,15.3169,15.3564,15.9987,-0.6422999999999988,-4.0147,14571.6,23373.095,3.8549,0.75,15.9987,19872.47,15.9088,16605.55,15.7578,15826.7285,16.7314,15572.6862,17.5588,18394.0077,18.4028,24039.4605,17.709,19552.6248
20180706,603976.SH,15.3663,15.7912,14.724,15.5244,15.3564,0.16799999999999926,1.094,16565.4,25813.111,4.3824,0.83,15.8742,20472.07,15.9098,17023.08,15.7821,15900.6669,16.5644,15151.92,17.3805,18365.576,18.3596,23898.7468,17.6828,19629.6448
20180709,603976.SH,15.5244,16.2458,15.4256,16.1074,15.5244,0.5829999999999984,3.7554,14116.6,22710.338,3.7346,0.69,15.9513,20416.44,15.9463,16929.803,15.8209,16052.0046,16.4397,15139.1676,17.2287,18152.9723,18.3153,23503.0667,17.6603,19666.5315
20180710,603976.SH,16.1568,16.8585,15.9592,16.73,16.1074,0.622600000000002,3.8653,28169.11,46884.671,7.4521,1.38,15.9434,19565.062,15.9997,18148.399,15.9577,17300.5085,16.3333,15842.6471,17.0719,18049.0093,18.277,23406.476,17.6375,19661.8368
20180711,603976.SH,16.394,16.4039,15.8209,16.394,16.73,-0.3360000000000021,-2.0084,22827.71,37391.808,6.0391,1.17,16.0224,19250.084,16.0363,19326.795,16.0253,18103.4015,16.2218,16225.2524,16.9375,17543.0057,18.2168,22962.2692,17.6152,19708.8958
20180712,603976.SH,16.2161,17.234,16.2161,17.0857,16.394,0.6917000000000009,4.2192,30093.65,51276.369,7.9613,1.56,16.3683,22354.494,16.1835,21113.482,16.1287,19260.6538,16.1545,16915.4757,16.8944,17406.3403,18.1802,22835.6643,17.5931,19725.4128
20180713,603976.SH,17.0759,17.2438,16.809,16.9869,17.0857,-0.09880000000000067,-0.5783,21145.66,36375.771,5.5941,0.95,16.6608,23270.546,16.2675,21871.308,16.1895,19657.77,16.1164,17326.6262,16.837,17303.5577,18.1607,22788.9828,17.5709,19751.4747
20180716,603976.SH,16.8288,17.0956,16.6114,16.8683,16.9869,-0.11859999999999715,-0.6982,11657.4,19791.984,3.084,0.5,16.813,22778.706,16.3821,21597.573,16.2541,19704.9738,16.0688,17438.2262,16.7949,16950.8177,18.1365,22693.0038,17.55,19724.4326
20180717,603976.SH,16.8387,16.8387,16.394,16.7596,16.8683,-0.10870000000000246,-0.6444,14341.21,24091.908,3.794,0.63,16.8189,20013.126,16.3811,19789.094,16.3423,19867.6223,16.0623,17364.9624,16.7573,16989.8427,18.1176,22697.0608,17.5189,19432.9537
20180718,603976.SH,16.809,16.977,16.4138,16.4632,16.7596,-0.29639999999999844,-1.7685,12547.26,21157.403,3.3194,0.63,16.8327,17957.036,16.4276,18603.56,16.3666,19789.15,16.122,17219.3938,16.676,16616.347,18.1072,22645.5835,17.4842,19239.0409
20180719,603976.SH,16.6015,16.7992,16.394,16.5324,16.4632,0.0691999999999986,0.4203,13653.26,22932.72,3.612,0.76,16.7221,14668.958,16.5452,18511.726,16.429,19732.1123,16.1662,17291.0152,16.5926,16224.7393,18.0979,22710.9835,17.4531,19193.4752
20180720,603976.SH,16.3248,16.8683,16.315,16.7893,16.5324,0.2569000000000017,1.5539,16321.99,27434.415,4.318,1.11,16.6826,13704.224,16.6717,18487.385,16.4305,18493.3423,16.2538,17499.75,16.5281,16289.3257,18.0757,22659.1407,17.4277,19157.5681
20180723,603976.SH,16.5126,16.5225,15.7912,16.1272,16.7893,-0.6621000000000024,-3.9436,22578.36,36863.53,5.9731,1.65,16.5343,15888.416,16.6737,19333.561,16.4404,18353.0162,16.2829,17984.9052,16.4335,16595.403,18.0403,22775.9507,17.4041,19200.6546
20180724,603976.SH,16.1272,16.4632,15.9889,16.4237,16.1272,0.29650000000000176,1.8385,15868.2,26161.959,4.1979,1.0,16.4672,16193.814,16.643,18103.47,16.5225,18452.7546,16.3154,18023.8971,16.3565,16631.243,18.0155,22859.9825,17.3822,19262.5758
20180725,603976.SH,16.4039,16.7201,16.3248,16.3841,16.4237,-0.03960000000000008,-0.2411,14004.08,23388.239,3.7048,0.86,16.4513,16485.178,16.642,17221.107,16.5886,18255.73,16.3244,17929.6557,16.286,16578.0803,17.9767,22643.9657,17.3583,19289.8711
20180726,603976.SH,16.3742,16.4335,15.9889,16.0185,16.3841,-0.3656000000000006,-2.2314,11381.2,18531.777,3.0109,0.69,16.3486,16030.766,16.5353,15349.862,16.5818,18045.3146,16.3239,17945.7248,16.227,16540.4037,17.9313,22527.2477,17.3346,19294.9068
20180727,603976.SH,16.0086,16.2458,15.9691,15.979,16.0185,-0.03950000000000031,-0.2466,6820.5,11085.214,1.8044,0.43,16.1865,14130.468,16.4345,13917.346,16.524,16403.1138,16.3413,17688.2829,16.1641,16457.2937,17.8899,22340.718,17.315,19252.6193
20180730,603976.SH,15.8406,15.9889,15.5145,15.6825,15.979,-0.2965,-1.8556,10003.76,15921.857,2.6465,0.71,16.0976,11615.548,16.3159,13751.982,16.4693,15416.6562,16.3192,17518.5857,16.1236,16261.4273,17.8127,21342.6878,17.2952,19253.6515
20180731,603976.SH,15.6825,15.89,15.5046,15.7715,15.6825,0.08900000000000041,0.5675,4163.2,6618.398,1.1014,0.36,15.9671,9274.548,16.2171,12734.181,16.3682,13422.0062,16.3215,17031.369,16.1423,15880.0607,17.7258,19842.1255,17.2756,19238.6098
20180801,603976.SH,15.9098,15.9889,15.3169,15.3762,15.7715,-0.3952999999999989,-2.5064,7426.0,11698.431,1.9646,0.8,15.7655,7958.932,16.1084,12222.055,16.2443,12366.6477,16.2552,15840.8929,16.1348,15722.6203,17.6419,18947.2207,17.2585,19217.5333
20180802,603976.SH,15.3762,15.3861,14.3287,14.8821,15.3762,-0.4941000000000013,-3.2134,10787.6,16151.833,2.8539,1.36,15.5383,7840.212,15.9434,11935.489,16.0915,12299.74,16.202,15192.5595,16.1325,15684.255,17.5581,18474.835,17.247,19199.8286
20180803,603976.SH,14.8327,14.971,14.5362,14.5461,14.8821,-0.3360000000000003,-2.2577,5503.8,8203.462,1.456,0.7,15.2517,7576.872,15.7191,10853.67,15.9212,11619.9392,16.1634,14760.7595,16.1002,15454.7117,17.4643,18008.3302,17.2343,19185.3936
20180806,603976.SH,14.467,14.6746,13.8346,13.9334,14.5461,-0.6126999999999985,-4.2121,6613.02,9531.321,1.7495,0.87,14.9019,6898.724,15.4997,9257.136,15.7266,11163.4592,16.0877,14286.8367,16.0399,15173.5,17.3635,17708.6203,17.2196,19192.0782
20180807,603976.SH,13.9828,14.4275,13.9038,14.3682,13.9334,0.4347999999999992,3.1206,6766.0,9728.967,1.7899,0.98,14.6212,7419.284,15.2942,8346.916,15.5601,10633.67,16.0049,13936.8081,15.979,14866.2617,17.2777,17472.7582,17.2216,19142.3063
20180808,603976.SH,14.3583,14.388,13.9137,13.9334,14.3682,-0.4347999999999992,-3.0261,5313.89,7579.167,1.4058,0.72,14.3326,6996.862,15.0491,7477.897,15.3405,9786.8931,15.8717,12848.4643,15.9091,14675.2663,17.177,17267.8907,17.2175,19103.1566
20180809,603976.SH,13.9334,14.5757,13.716,14.3979,13.9334,0.46449999999999925,3.3337,9465.8,13704.343,2.5042,1.35,14.2358,6732.502,14.887,7286.357,15.2074,8778.2346,15.7766,12212.1829,15.8686,14583.2337,17.0824,16906.1723,17.2129,19100.0108
20180810,603976.SH,14.388,14.9216,14.3386,14.8129,14.3979,0.4150000000000009,2.8824,14154.76,20979.438,3.7446,2.1,14.2892,8462.694,14.7704,8019.783,15.0835,8646.4315,15.6684,11453.1881,15.8241,14602.8123,16.9975,16866.6225,17.2154,19152.8403
20180813,603976.SH,14.5757,14.9018,14.3485,14.7833,14.8129,-0.029600000000000293,-0.1998,7802.0,11539.274,2.064,0.92,14.4591,8700.49,14.6805,7799.607,14.9604,8169.3485,15.5635,10817.7757,15.7929,14383.054,16.91,16746.7208,17.214,19166.3129
20180814,603976.SH,14.724,15.0303,14.6746,14.9611,14.7833,0.17779999999999951,1.2027,8179.2,12330.766,2.1638,0.94,14.5777,8983.13,14.5995,8201.207,14.879,7923.0408,15.4726,10652.1471,15.7326,13574.8273,16.8178,16409.923,17.215,19193.7788
20180815,603976.SH,14.9611,15.1094,14.5263,14.5362,14.9611,-0.42490000000000094,-2.84,7208.89,10750.756,1.9071,0.8,14.6983,9362.13,14.5155,8179.496,14.7681,7952.9169,15.3668,10312.5129,15.6838,13001.7037,16.7094,15950.3052,17.2138,19220.8868
20180816,603976.SH,13.9927,14.6153,13.9927,14.3089,14.5362,-0.2272999999999996,-1.5637,5320.8,7743.523,1.4076,0.57,14.6805,8533.13,14.4581,7632.816,14.6624,7592.6892,15.2642,9968.3957,15.6489,12693.3437,16.6039,15543.6757,17.2076,19232.0245
20180817,603976.SH,14.3287,14.5955,13.9828,14.2694,14.3089,-0.03950000000000031,-0.2761,6009.6,8707.142,1.5898,0.7,14.5718,6904.098,14.4305,7683.396,14.5469,7734.72,15.1564,9604.4119,15.6071,12341.4837,16.4938,15353.5298,17.2003,19239.2163
20180820,603976.SH,14.3188,14.4769,14.0817,14.3089,14.2694,0.03950000000000031,0.2768,4940.6,7132.879,1.307,0.72,14.4769,6331.818,14.468,7516.154,14.4648,7543.5354,15.0383,9062.441,15.5471,12035.617,16.3879,15094.2947,17.1889,19195.3784
20180821,603976.SH,14.3089,14.4176,13.8741,14.2496,14.3089,-0.05930000000000035,-0.4144,7256.6,10489.903,1.9197,1.15,14.3346,6147.298,14.4562,7565.214,14.4161,7271.92,14.9489,8332.8333,15.4644,11338.5333,16.2682,14693.7713,17.1776,19198.6846
20180822,603976.SH,14.2595,14.2595,13.8544,13.8741,14.2496,-0.37549999999999883,-2.6352,7879.35,11160.419,2.0573,1.28,14.2022,6281.39,14.4502,7821.76,14.3644,7454.6546,14.8275,7952.4119,15.3805,10840.2547,16.159,14191.6302,17.1641,19215.8357
20180823,603976.SH,14.0322,14.1409,13.8741,14.0125,13.8741,0.13839999999999897,0.9975,6343.89,8988.351,1.6564,1.01,14.1429,6486.008,14.4117,7509.569,14.3705,7433.9523,14.7146,7587.641,15.278,10048.596,16.0862,13727.4682,17.1507,19208.5824
20180824,603976.SH,14.0224,14.0322,13.7457,13.8939,14.0125,-0.11859999999999893,-0.8464,4759.69,6699.622,1.2427,0.73,14.0678,6236.026,14.3198,6570.062,14.334,7279.6208,14.6134,7272.331,15.1749,9502.397,16.006,13402.9773,17.1379,19188.4009
20180827,603976.SH,13.9235,14.22,13.8445,14.1805,13.8939,0.28659999999999997,2.0628,7619.21,10861.775,1.9894,1.22,14.0421,6771.748,14.2595,6551.783,14.353,7456.9531,14.5277,7310.3648,15.0853,9367.7907,15.9401,13159.3042,17.1258,19186.1252
20180828,603976.SH,14.1805,14.3287,14.1311,14.2793,14.1805,0.09879999999999889,0.6967,6889.89,9923.227,1.7989,1.02,14.0481,6698.406,14.1913,6422.852,14.3439,7258.8062,14.4609,7162.0852,15.0026,9119.4133,15.88,13054.628,17.1113,19136.4364
20180829,603976.SH,14.3188,14.4176,14.22,14.4078,14.2793,0.12850000000000072,0.8999,8153.81,11804.495,2.1289,1.22,14.1548,6753.298,14.1785,6517.344,14.3127,6797.1946,14.396,7352.1143,14.9341,8972.965,15.805,12794.656,17.0988,19107.67
20180830,603976.SH,14.388,14.4374,14.1607,14.1607,14.4078,-0.24709999999999965,-1.715,6043.6,8750.645,1.578,0.89,14.1844,6693.24,14.1637,6589.624,14.2648,6661.9331,14.3381,7286.2857,14.8551,8719.3097,15.7239,12472.0245,17.079,18979.2417
20180831,603976.SH,14.1805,14.2595,13.9334,14.0322,14.1607,-0.12850000000000072,-0.9074,4394.6,6267.933,1.1474,0.66,14.2121,6620.222,14.1399,6428.124,14.1934,6370.81,14.2976,6981.8571,14.7632,8321.73,15.6456,12305.5278,17.0563,18863.7878
20180903,603976.SH,13.9532,14.2101,13.7457,14.2101,14.0322,0.17790000000000106,1.2678,7367.66,10433.696,1.9237,1.11,14.218,6569.912,14.1301,6670.83,14.1683,6383.0231,14.2816,7070.6124,14.6993,7814.7067,15.5664,12205.0548,17.0348,18797.3267
20180904,603976.SH,14.1706,14.3979,14.0619,14.3781,14.2101,0.16799999999999926,1.1823,8054.25,11651.31,2.1029,1.23,14.2378,6802.784,14.1429,6750.595,14.1736,6593.2885,14.3028,7139.2424,14.6311,7554.2417,15.4938,12092.7423,17.0183,18757.1859
20180905,603976.SH,14.3781,14.3781,14.0322,14.0718,14.3781,-0.30630000000000024,-2.1303,5738.75,8205.803,1.4984,0.84,14.1706,6319.772,14.1627,6536.535,14.1584,6572.4538,14.2887,7090.3257,14.554,7278.7307,15.42,11928.4055,16.9989,18748.8819
20180906,603976.SH,14.1014,14.1706,13.9433,14.1607,14.0718,0.08890000000000065,0.6318,5190.15,7397.481,1.3551,0.82,14.1706,6149.082,14.1775,6421.161,14.147,6591.65,14.2995,7084.4333,14.4921,7072.3623,15.3595,11806.383,16.9867,18672.2884
20180907,603976.SH,14.0421,14.467,14.0421,14.3287,14.1607,0.16799999999999926,1.1864,10944.52,15892.642,2.8576,1.78,14.2299,7459.066,14.221,7039.644,14.1531,6875.3362,14.2962,7154.8486,14.4371,7209.8297,15.3006,11833.5617,16.9756,18716.2094
20180910,603976.SH,14.388,14.5263,14.0322,14.1014,14.3287,-0.2272999999999996,-1.5863,7029.49,10149.781,1.8354,0.94,14.2081,7391.432,14.2131,6980.672,14.1706,6809.9623,14.2623,6815.55,14.3844,7110.6873,15.254,11686.0573,16.9591,18708.2653
20180911,603976.SH,13.9532,14.2793,13.9433,14.2101,14.1014,0.10870000000000068,0.7708,3754.18,5370.719,0.9802,0.51,14.1745,6531.418,14.2062,6667.101,14.1858,6610.7538,14.235,6622.7967,14.3323,7097.0533,15.2373,11488.557,16.937,18517.2268
20180912,603976.SH,14.7042,15.0995,14.5362,14.5856,14.2101,0.37549999999999883,2.6425,34935.98,52220.965,9.1217,5.35,14.2773,12370.864,14.2239,9345.318,14.239,8932.0069,14.2172,7896.929,14.306,8014.0527,15.2204,11868.3365,16.9203,18648.5784
20180913,603976.SH,14.4078,14.5066,14.1311,14.4275,14.5856,-0.15809999999999924,-1.0839,19003.24,27510.187,4.9617,1.54,14.3307,15133.482,14.2506,10641.282,14.258,9807.7015,14.212,8458.5648,14.2908,8287.9073,15.2116,11986.0812,16.901,18718.8905
20180914,603976.SH,14.3781,14.3781,14.0619,14.1113,14.4275,-0.31620000000000026,-2.1916,8816.15,12674.333,2.3019,0.58,14.2872,14707.808,14.2585,11083.437,14.2451,9955.8754,14.2026,8625.01,14.2763,8398.319,15.1883,11926.5153,16.8921,18660.2342
20180917,603976.SH,14.0322,14.0915,13.716,13.7457,14.1113,-0.3656000000000006,-2.5908,8026.0,11245.924,2.0956,0.55,14.216,14907.11,14.2121,11149.271,14.1941,9946.0438,14.1776,8721.029,14.2701,8445.4183,15.155,11809.4592,16.8775,18659.3832
20180918,603976.SH,13.6567,14.0026,13.6073,13.9532,13.7457,0.20750000000000135,1.5096,6669.93,9306.641,1.7415,0.45,14.1647,15490.26,14.1696,11010.839,14.1782,9994.2231,14.1607,8803.3781,14.2562,8442.216,15.1176,11654.2388,16.8581,18612.6144
20180919,603976.SH,13.8544,14.1113,13.716,13.9532,13.9532,0.0,0.0,8419.4,11868.995,2.1983,0.54,14.0382,10186.944,14.1577,11278.904,14.1721,10303.8231,14.1466,8858.7495,14.2569,8545.733,15.083,11610.4997,16.8388,18579.1874
20180920,603976.SH,14.0421,14.0817,13.8247,13.8247,13.9532,-0.12850000000000072,-0.9209,6215.8,8752.129,1.6229,0.61,13.9176,7629.456,14.1241,11381.469,14.1425,10215.2185,14.1442,8779.5329,14.2378,8437.3997,15.0532,11510.3167,16.814,18495.1262
20180921,603976.SH,13.8346,14.0619,13.7654,14.0322,13.8247,0.20749999999999957,1.5009,5735.6,8106.681,1.4975,0.75,13.9018,7013.346,14.0945,10860.577,14.1159,10036.8608,14.1452,8750.5667,14.2118,8156.761,15.018,11379.7867,16.7769,18174.0937
20180925,603976.SH,13.9927,14.1805,13.8741,14.0915,14.0322,0.05930000000000035,0.4226,6190.26,8802.841,1.6163,0.88,13.971,6646.198,14.0935,10776.654,14.1174,10071.5923,14.1546,8818.689,14.1887,8103.0363,14.9908,11243.0452,16.7409,17682.6603
20180926,603976.SH,14.1212,14.1805,14.0224,14.1014,14.0915,0.00990000000000002,0.0703,6370.29,9085.06,1.6633,0.96,14.0006,6586.27,14.0826,11038.265,14.1128,10162.3723,14.1508,8759.2167,14.16,8042.7393,14.9463,10808.7833,16.7098,17494.4187
20180927,603976.SH,14.1113,14.1113,13.805,13.805,14.1014,-0.2964000000000002,-2.1019,6621.4,9344.793,1.7288,1.01,13.971,6226.67,14.0046,8206.807,14.0725,9829.8246,14.1282,8746.4314,14.1357,8023.1563,14.9097,10512.43,16.6794,17362.5243
20180928,603976.SH,13.7358,14.0026,13.7358,13.9631,13.805,0.15810000000000102,1.1452,5525.82,7779.972,1.4428,0.89,13.9986,6088.674,13.9581,6859.065,14.0619,9714.1577,14.1071,8621.289,14.1241,8029.9903,14.8865,10361.667,16.6446,17200.5638
20181008,603976.SH,13.8643,13.8643,13.5184,13.5382,13.9631,-0.42490000000000094,-3.043,5423.6,7484.994,1.4161,0.89,13.8998,6026.274,13.9008,6519.81,14.0102,9842.5746,14.0774,8591.7652,14.0998,8010.457,14.8534,10175.9703,16.6065,17037.3586
20181009,603976.SH,13.637,13.7951,13.4887,13.5678,13.5382,0.029600000000000293,0.2186,4224.0,5820.81,1.1029,0.7,13.7951,5633.022,13.883,6139.61,13.9319,7480.1146,14.0553,8583.6414,14.0751,7986.5703,14.8111,10011.0937,16.5632,16757.0802
20181010,603976.SH,13.5184,13.7556,13.5085,13.7556,13.5678,0.1877999999999993,1.3842,4968.8,6876.216,1.2973,0.88,13.7259,5352.724,13.8633,5969.497,13.8802,6400.5423,14.0337,8469.41,14.0586,7910.3103,14.7615,9624.4218,16.5193,16515.4489
20181011,603976.SH,13.5382,13.5382,12.382,12.382,13.7556,-1.3735999999999997,-9.9858,11524.8,14942.044,3.0091,2.15,13.4413,6333.404,13.7061,6280.037,13.7472,6608.9,13.9386,8634.6743,14.0089,8031.8253,14.6947,9436.04,16.4557,16199.1546
20181012,603976.SH,12.382,12.4511,11.1863,12.0756,12.382,-0.3064,-2.4746,9967.9,12018.704,2.6026,1.57,13.0638,7221.82,13.5312,6655.247,13.6187,6758.2769,13.8435,8836.0624,13.9443,8152.6257,14.6112,9100.6108,16.3957,15968.1376
20181015,603976.SH,12.1547,12.3029,11.7298,11.8088,12.0756,-0.2667999999999999,-2.2094,6023.0,7362.21,1.5726,0.83,12.718,7341.7,13.3089,6683.987,13.4538,6708.5131,13.7316,8875.7219,13.8748,8194.736,14.5249,8848.5665,16.3428,15818.7747
20181016,603976.SH,11.8484,11.9966,11.5519,11.6507,11.8088,-0.15809999999999924,-1.3388,6259.4,7447.354,1.6343,0.85,12.3345,7748.78,13.0648,6690.901,13.2767,6542.3592,13.604,8652.621,13.7905,8149.409,14.4379,8758.5998,16.2872,15725.8018
20181017,603976.SH,11.8582,11.9274,11.542,11.9076,11.6507,0.2568999999999999,2.205,8746.37,10435.572,2.2837,1.13,11.9649,8504.294,12.8454,6928.509,13.1292,6737.0185,13.4996,8734.3771,13.7114,8211.2917,14.357,8665.3525,16.2373,15681.2067
20181018,603976.SH,11.9076,12.8168,11.6902,12.1942,11.9076,0.28659999999999997,2.4069,18229.02,22627.472,4.7595,2.14,11.9274,9845.138,12.6844,8089.271,12.9878,7698.0508,13.4036,9423.6552,13.6376,8547.132,14.2859,8760.0485,16.1966,15702.816
20181019,603976.SH,11.8582,12.6488,11.463,12.5401,12.1942,0.3459000000000003,2.8366,16380.37,20440.105,4.2769,1.66,12.0203,11127.632,12.5421,9174.726,12.8685,8481.9054,13.3062,8540.0548,13.5836,8891.691,14.2193,8805.5003,16.1586,15758.2419
20181022,603976.SH,12.5302,13.1626,12.5104,12.9946,12.5401,0.45449999999999946,3.6244,18673.52,24405.313,4.8756,1.68,12.2574,13657.736,12.4877,10499.718,12.7833,9428.3077,13.2379,8524.3538,13.549,9367.655,14.1561,8844.6925,16.1159,15751.9166
20181023,603976.SH,12.8464,13.0638,12.7278,12.7575,12.9946,-0.23709999999999987,-1.8246,9550.2,12448.477,2.4935,0.7,12.4788,14315.896,12.4067,11032.338,12.7028,9653.6,13.1735,8559.3086,13.5006,9440.4063,14.0999,8627.5565,16.0701,15701.7536
20181024,603976.SH,12.7575,12.9946,12.6191,12.718,12.7575,-0.03950000000000031,-0.3096,6441.4,8294.204,1.6818,0.45,12.6409,13854.902,12.3029,11179.598,12.607,9724.0292,13.1245,8483.8514,13.4453,9386.6447,14.0382,8470.4432,16.0268,15665.2128
20181025,603976.SH,12.1942,12.6191,12.1646,12.4709,12.718,-0.24709999999999965,-1.9429,8234.6,10310.401,2.15,0.59,12.6962,11856.018,12.3118,10850.578,12.5249,9940.26,13.0539,8558.3595,13.3919,9469.8397,13.9729,8374.2852,15.9748,15509.1254
20181026,603976.SH,12.5401,12.7278,12.5401,12.6488,12.4709,0.17789999999999928,1.4265,6037.0,7725.704,1.5762,0.51,12.718,9787.344,12.3691,10457.488,12.4542,10079.7215,12.9918,8444.9119,13.3415,9498.068,13.9168,8285.2152,15.924,15406.2314
20181029,603976.SH,12.8267,12.8267,12.4511,12.55,12.6488,-0.09879999999999889,-0.7811,5127.2,6550.973,1.3387,0.52,12.629,7078.08,12.4432,10367.908,12.3614,10091.9062,12.9311,8393.0738,13.2822,9304.1573,13.8596,8256.9935,15.8748,15298.8558
20181030,603976.SH,12.4709,12.7377,12.4511,12.718,12.55,0.16799999999999926,1.3386,5961.6,7617.252,1.5566,0.84,12.6211,6360.36,12.55,10338.128,12.3873,9663.9677,12.8685,8403.8357,13.2361,9268.561,13.8102,8189.6242,15.8115,14766.156
20181031,603976.SH,12.7278,13.3306,12.7081,12.9946,12.718,0.2766000000000002,2.1749,9955.6,13142.778,2.5994,1.57,12.6765,7063.2,12.6587,10459.051,12.458,9663.0215,12.8163,8583.1376,13.1956,9475.275,13.7639,8286.1642,15.7449,14064.1448
20181101,603976.SH,12.9946,13.133,12.8069,12.8267,12.9946,-0.1678999999999995,-1.2921,10468.5,13764.052,2.7333,1.48,12.7476,7509.98,12.7219,9682.999,12.5363,10004.9831,12.7556,8778.2905,13.1369,8659.6923,13.7215,8336.8725,15.6817,13642.0466
20181102,603976.SH,13.0935,13.0935,12.9452,13.0935,12.8267,0.2667999999999999,2.08,9083.04,11987.925,2.3716,1.21,12.8366,8119.188,12.7773,8953.266,12.6473,10222.1862,12.7217,8895.5114,13.0925,8329.019,13.6916,8308.4632,15.6249,13391.6491
20181105,603976.SH,13.1824,13.3998,12.8761,13.1429,13.0935,0.049399999999998556,0.3773,11843.4,15777.992,3.0923,1.46,12.9551,9462.428,12.7921,8270.254,12.7423,10460.4192,12.6827,9196.3486,13.0602,8429.9273,13.6683,8414.1232,15.5663,13211.2267
20181106,603976.SH,13.0243,13.1429,12.8563,13.0243,13.1429,-0.11859999999999893,-0.9024,5980.1,7846.086,1.5614,0.63,13.0164,9466.128,12.8188,7913.244,12.8061,9518.1946,12.6582,9222.8486,13.0362,8361.7307,13.6531,8403.5745,15.5083,13056.0974
20181107,603976.SH,13.1033,13.1528,12.9156,12.9452,13.0243,-0.07910000000000039,-0.6073,5149.4,6799.642,1.3445,0.54,13.0065,8504.888,12.8415,7784.044,12.8373,8654.2738,12.6286,9266.9152,13.0026,8311.0463,13.6294,8376.6312,15.4535,12924.6947
20181108,603976.SH,13.0441,13.133,12.8958,12.965,12.9452,0.01980000000000004,0.153,6087.4,7998.607,1.5894,0.72,13.0342,7628.668,12.8909,7569.324,12.835,7686.1108,12.5909,9320.1819,12.9696,8233.313,13.6133,8389.523,15.3951,12828.7068
20181109,603976.SH,12.965,13.7753,12.8563,13.4295,12.965,0.464500000000001,3.5827,29481.8,40130.447,7.6976,3.86,13.1014,11708.42,12.969,9913.804,12.8867,9219.3108,12.6408,10175.2771,12.9564,9008.8463,13.5971,8723.123,15.3397,12814.6477
20181112,603976.SH,13.2812,14.4374,13.2615,14.1805,13.4295,0.7509999999999994,5.5922,31392.03,43890.589,8.1964,2.68,13.3089,15618.146,13.132,12540.287,12.9992,11138.59,12.741,11195.4738,12.9614,9864.0607,13.5866,9010.4108,15.2921,12938.5167
20181113,603976.SH,13.9334,14.7536,13.7457,14.1113,14.1805,-0.06920000000000037,-0.488,38374.74,55128.078,10.0195,2.46,13.5263,22097.074,13.2713,15781.601,13.1254,13457.0623,12.8507,12736.0329,12.962,10936.8767,13.5754,9519.9565,15.2427,13133.3387
20181114,603976.SH,14.0619,14.0915,13.7654,13.8445,14.1113,-0.2667999999999999,-1.8907,19639.41,27583.873,5.1278,0.89,13.7062,24995.076,13.3563,16749.982,13.2174,14503.4015,12.9551,13373.1762,12.9535,11379.1807,13.5568,9710.96,15.1873,13060.4415
20181115,603976.SH,13.8346,14.1212,13.7852,14.0817,13.8445,0.23719999999999963,1.7133,18355.71,25937.928,4.7926,0.73,13.9295,27448.738,13.4818,17538.703,13.3352,15520.9792,13.0587,13830.7638,12.9627,11770.3243,13.5492,9896.7403,15.1293,12923.5228
20181116,603976.SH,14.0817,14.2002,14.0026,14.0224,14.0817,-0.05930000000000035,-0.4211,14340.9,20436.078,3.7444,0.52,14.0481,24420.558,13.5747,18064.489,13.4355,16165.5408,13.1457,13645.6152,12.9647,12064.1603,13.5444,10047.0753,15.0741,12795.3755
20181119,603976.SH,14.0224,14.0915,13.8346,14.0915,14.0224,0.0691000000000006,0.4928,12247.32,17306.115,3.1977,0.5,14.0303,20591.616,13.6696,18104.881,13.5199,16341.8269,13.2196,13448.8033,12.9831,12291.6177,13.5414,10151.0373,15.0176,12752.2836
20181120,603976.SH,14.0322,14.0322,13.548,13.5678,14.0915,-0.5236999999999998,-3.7164,10915.8,15276.859,2.8501,0.53,13.9216,15099.828,13.7239,18598.451,13.5769,16376.2346,13.2469,13079.3881,12.9831,12514.6777,13.5291,10250.624,14.9585,12672.4593
20181121,603976.SH,13.4887,14.0322,13.3899,14.0125,13.5678,0.4446999999999992,3.2776,13359.0,18594.981,3.488,0.88,13.9552,13843.746,13.8307,19419.411,13.6476,16705.1546,13.3066,13260.7595,12.9917,12794.351,13.5251,10352.3307,14.8967,12523.051
20181122,603976.SH,14.2002,14.2101,13.973,14.1311,14.0125,0.1186000000000007,0.8464,12701.9,18115.578,3.3164,0.92,13.9651,12712.984,13.9473,20080.861,13.7236,16771.1931,13.3739,13558.8786,13.05,12833.5877,13.5294,10432.7065,14.8442,12312.1683
20181123,603976.SH,14.0322,14.1311,13.2615,13.2713,14.1311,-0.8597999999999999,-6.0845,13159.6,18152.047,3.4359,1.04,13.8148,12476.724,13.9315,18448.641,13.7426,17323.4623,13.4121,13793.4024,13.0898,12939.9777,13.5171,10546.3017,14.8016,12136.8849
20181126,603976.SH,13.2516,13.6271,13.1528,13.2911,13.2713,0.01980000000000004,0.1492,5685.01,7664.4,1.4843,0.46,13.6548,11164.262,13.8425,15877.939,13.7692,17364.6631,13.4426,13776.641,13.1393,12928.7113,13.507,10561.7237,14.7565,11982.3505
20181127,603976.SH,13.5876,13.9235,13.4591,13.884,13.2911,0.5929000000000002,4.4609,20644.94,28596.012,5.3903,1.85,13.718,13110.09,13.8198,14104.959,13.8399,18484.4738,13.5062,14515.581,13.2137,13408.2293,13.5021,10778.8192,14.7211,11969.0617
20181128,603976.SH,13.8148,14.4868,13.6864,14.4868,13.884,0.6028000000000002,4.3417,24165.85,34779.973,6.3096,1.84,13.8129,15271.46,13.884,14557.603,13.9213,18075.5546,13.5904,15382.45,13.2997,13922.212,13.5055,11066.7518,14.6928,12060.6899
20181129,603976.SH,14.4868,14.6153,14.0915,14.2101,14.4868,-0.27669999999999995,-1.91,18286.2,26646.664,4.7745,1.2,13.8287,16388.32,13.8969,14550.652,13.9235,17067.4138,13.6483,15779.1452,13.3669,13924.118,13.5022,11235.625,14.6536,12015.1405
20181130,603976.SH,14.2002,14.5856,14.0322,14.5856,14.2101,0.37549999999999883,2.6425,17995.86,26124.994,4.6987,1.1,14.0915,17355.572,13.9532,14916.148,13.96,15499.8077,13.732,16137.591,13.4351,13977.9677,13.5093,11434.8293,14.6166,11953.4269
20181203,603976.SH,14.8228,15.1785,14.6054,15.1094,14.5856,0.5238000000000014,3.5912,28040.08,42494.186,7.3212,1.62,14.4552,21826.586,14.055,16495.424,14.0573,16146.0131,13.828,17040.3071,13.5055,14290.1863,13.5273,11828.9207,14.5865,12067.2243
20181204,603976.SH,15.0007,15.2872,14.9216,14.9809,15.1094,-0.12850000000000072,-0.8505,16468.6,25203.575,4.2999,0.75,14.6746,20991.318,14.1963,17050.704,14.1265,16000.8508,13.9155,17260.5548,13.5797,14520.7997,13.5401,11980.603,14.5533,12092.8289
20181205,603976.SH,14.8722,16.4829,14.8722,16.4829,14.9809,1.5020000000000007,10.0261,50585.1,82267.775,13.2076,2.41,15.0738,26275.168,14.4433,20773.314,14.3158,18788.8662,14.0802,19384.6024,13.7052,15992.2563,13.5752,12689.4505,14.5345,12391.0964
20181206,603976.SH,16.7596,18.1135,16.5521,17.3526,16.4829,0.8696999999999981,5.2764,98366.87,171998.07,25.6833,3.74,15.7023,42291.302,14.7655,29339.811,14.5666,25413.4469,14.2901,23823.5295,13.8679,18996.6653,13.6299,14233.2525,14.5249,13080.829
20181207,603976.SH,16.3051,18.4593,16.2557,17.5897,17.3526,0.23710000000000164,1.3664,92837.56,163502.798,24.2396,2.2,16.3031,57259.642,15.1973,37307.607,14.876,31715.1208,14.5103,27954.4895,14.0326,21890.0173,13.687,15694.0427,14.5233,13750.2128
20181210,603976.SH,16.8585,18.2617,16.3841,17.5897,17.5897,0.0,0.0,57640.15,100821.534,15.0497,1.01,16.7992,63179.656,15.6272,42503.121,15.1512,35121.3631,14.7084,29295.3633,14.2006,23640.449,13.7414,16472.3032,14.521,14152.9324
20181211,603976.SH,17.2834,19.2597,17.0759,18.5581,17.5897,0.968399999999999,5.5055,140658.76,258317.773,36.7256,2.23,17.5146,88017.688,16.0946,54504.503,15.4917,44964.1985,14.9169,34498.541,14.3952,28130.3543,13.8157,18699.4577,14.5348,15192.7575
20181212,603976.SH,17.9553,18.1727,17.0067,17.5798,18.5581,-0.9783000000000008,-5.2716,69892.81,123642.029,18.2488,0.79,17.734,91879.23,16.4039,59077.199,15.8231,49328.2915,15.0821,35999.4014,14.5481,30128.2613,13.8718,19801.7682,14.5546,15645.1626
20181213,603976.SH,17.3822,17.985,16.9672,17.6391,17.5798,0.05930000000000035,0.3373,50831.62,90099.684,13.272,0.55,17.7913,82372.18,16.7468,62331.741,16.1576,52801.1077,15.2628,37484.7448,14.7085,31473.6987,13.9227,20066.6955,14.5715,15967.516
20181214,603976.SH,17.3921,17.4415,16.7992,17.2636,17.6391,-0.37549999999999883,-2.1288,25600.37,44471.273,6.6842,0.31,17.7261,68924.742,17.0146,63092.192,16.4176,53182.2946,15.4143,37829.7286,14.8475,32024.2763,13.97,20176.6477,14.5908,16081.3644
20181217,603976.SH,17.1549,18.4791,16.6509,17.6787,17.2636,0.4150999999999989,2.4045,61817.55,110470.707,16.1404,0.9,17.7439,69760.222,17.2715,66469.939,16.6631,56078.5792,15.5884,40090.5214,14.9987,33690.0813,14.0294,21060.0043,14.6088,16493.2598
20181218,603976.SH,17.2043,17.5502,16.9869,17.1846,17.6787,-0.49409999999999954,-2.7949,18626.55,32417.28,4.8633,0.27,17.4692,45353.78,17.4919,66685.734,16.8919,56104.76,15.7357,40394.2943,15.1374,34111.6297,14.0868,21236.6802,14.6209,16523.0697
20181219,603976.SH,17.1944,17.1944,16.5126,16.7992,17.1846,-0.38540000000000063,-2.2427,23054.5,39259.281,6.0195,0.51,17.313,35986.118,17.5235,63932.674,17.0622,56493.8862,15.8896,40972.3276,15.2658,34708.4663,14.1342,21509.7563,14.6259,16581.9976
20181220,603976.SH,16.7992,17.0956,16.5027,17.0067,16.7992,0.20749999999999957,1.2352,19764.2,33803.841,5.1604,0.55,17.1866,29772.634,17.4889,56072.407,17.2081,55857.28,16.0321,41277.3371,15.4006,35164.3597,14.1851,21698.8363,14.634,16654.668
20181221,603976.SH,17.0067,17.0956,16.5521,17.0561,17.0067,0.04940000000000211,0.2905,20818.88,35548.776,5.4357,0.7,17.1451,28816.336,17.4356,48870.539,17.3678,56191.9169,16.1714,41663.86,15.5214,34875.5957,14.2389,21942.221,14.6461,16726.2688
20181224,603976.SH,17.0561,18.4791,16.9079,17.6688,17.0561,0.6127000000000002,3.5923,63969.19,114289.645,16.7022,,17.1431,29246.664,17.4435,49503.443,17.459,57221.4623,16.3808,44083.3643,15.6377,35961.501,14.2996,22912.7808,14.6588,17146.2838
20181225,603976.SH,17.0956,17.2735,16.7498,17.0166,17.6688,-0.6522000000000006,-3.6913,28596.84,49068.174,7.4665,0.98,17.1095,31240.722,17.2893,38297.251,17.4331,51854.5369,16.5582,45174.4038,15.7346,35635.571,14.3483,23286.2238,14.6695,17264.6345
20181226,603976.SH,16.8486,16.8486,16.1865,16.1865,17.0166,-0.8301000000000016,-4.8782,41354.17,68610.506,10.7975,1.32,16.9869,34900.656,17.15,35443.387,17.3252,47894.2762,16.6679,46160.5576,15.8126,36359.3963,14.3831,23869.2885,14.6647,17339.0359
20181227,603976.SH,16.3742,16.5818,16.1173,16.1173,16.1865,-0.0691999999999986,-0.4275,22221.55,36512.141,5.802,0.64,16.8091,35392.126,16.9978,32582.38,17.2119,45169.7685,16.7455,46067.9719,15.8805,36488.2577,14.4216,24129.291,14.6657,17320.8605
20181228,603976.SH,16.1272,16.2458,16.1074,16.1074,16.1173,-0.009900000000001796,-0.0614,19829.95,32364.301,5.1775,0.56,16.6193,35194.34,16.8822,32005.338,17.0234,35875.2446,16.8359,46141.4838,15.95,36671.226,14.4573,24367.6932,14.6719,17364.6801
20190102,603976.SH,16.2063,16.9573,16.2063,16.8486,16.1074,0.7412000000000027,4.6016,28120.2,47383.284,7.3421,0.8,16.4553,28024.542,16.7992,28635.603,16.9672,32661.9669,16.9436,46623.5952,16.0419,37200.322,14.5125,24745.9698,14.683,17460.9701
20190103,603976.SH,16.5916,17.3328,16.2754,16.9474,16.8486,0.09879999999999711,0.5864,43702.27,74470.817,11.4105,1.56,16.4414,31045.628,16.7755,31143.175,16.914,32113.5554,17.0312,47369.4138,16.1545,38293.2043,14.5688,25403.941,14.69,17707.5173
20190104,603976.SH,16.6114,17.234,16.4434,17.0956,16.9474,0.14820000000000277,0.8745,36371.82,62397.229,9.4966,1.17,16.6233,30049.158,16.8051,32474.907,16.901,32942.1285,17.1319,48317.1862,16.2573,39060.2983,14.6245,25927.3247,14.693,17775.8733
20190107,603976.SH,17.1253,18.2716,17.1253,18.0048,17.0956,0.9091999999999985,5.3183,76280.62,136963.321,19.9166,2.54,17.0008,40860.972,16.9049,38126.549,16.9261,34054.6723,17.2043,49540.7824,16.3864,41179.589,14.7182,27006.5883,14.7064,18221.3142
20190108,603976.SH,17.7874,19.744,17.7182,19.1708,18.0048,1.1660000000000004,6.4761,120841.32,229761.907,31.5513,2.96,17.6134,61063.246,17.1164,48128.793,17.0789,41917.3469,17.2909,50610.9943,16.5831,44768.9797,14.8365,28854.4787,14.7238,18977.5448
20190109,603976.SH,18.8052,20.2479,18.3803,19.5661,19.1708,0.3952999999999989,2.062,102266.8,199925.639,26.7016,1.67,18.1569,75892.566,17.3061,51958.554,17.2917,48010.6008,17.385,51060.0057,16.7922,47988.3727,14.9658,30458.542,14.7453,19653.5543
20190110,603976.SH,19.2499,19.2499,17.8071,18.232,19.5661,-1.3340999999999994,-6.8184,79109.27,147426.896,20.6552,1.04,18.4139,82973.966,17.4276,57009.797,17.386,52575.6062,17.4156,52082.3448,16.9372,49937.1837,15.0754,31672.7065,14.7567,20215.6532
20190111,603976.SH,17.9059,18.0838,17.3624,17.9949,18.232,-0.2370999999999981,-1.3005,57126.6,102158.077,14.9156,0.69,18.5937,87124.922,17.6085,58587.04,17.4582,55368.5077,17.3888,48104.6229,17.0541,51035.8753,15.1769,32479.0437,14.767,20572.1981
20190114,603976.SH,17.7874,18.1233,17.3822,17.7874,17.9949,-0.20749999999999957,-1.1531,41440.07,73946.213,10.8199,0.48,18.5502,80156.812,17.7755,60508.892,17.4673,53635.4985,17.3987,46749.7305,17.1734,51807.671,15.2701,32865.8945,14.778,20812.9715
20190115,603976.SH,17.5107,17.9257,17.4415,17.7577,17.7874,-0.029700000000001836,-0.167,39092.6,69973.296,10.207,0.49,18.2676,63807.068,17.9405,62435.157,17.5243,54442.8646,17.4043,46190.7295,17.2791,52510.8957,15.3571,33244.4317,14.7882,21024.966
20190116,603976.SH,17.6391,17.7083,17.4514,17.5601,17.7577,-0.19760000000000133,-1.1128,32867.88,58228.16,8.5817,0.52,17.8664,49927.284,18.0117,62909.925,17.63,53790.0731,17.4184,46536.8014,17.3608,52671.8223,15.4332,33481.0043,14.7946,21162.8484
20190117,603976.SH,17.5107,17.7676,17.402,17.6194,17.5601,0.05930000000000035,0.3377,33345.92,59360.527,8.7065,0.67,17.7439,40774.614,18.0789,61874.29,17.7456,54645.7938,17.4156,45181.0095,17.4487,53234.3997,15.5142,33877.5997,14.8071,21252.5781
20190118,603976.SH,17.6194,18.2617,17.5107,18.1925,17.6194,0.5731000000000002,3.2527,44619.31,81557.608,11.65,1.09,17.7834,38273.156,18.1886,62699.039,17.9059,56552.6677,17.4636,46418.76,17.5057,53035.54,15.6054,34513.8982,14.8218,21492.1707
20190121,603976.SH,18.2518,18.8941,18.2518,18.8941,18.1925,0.7016000000000027,3.8565,39580.68,74732.086,10.3344,1.03,18.0048,37901.278,18.2775,59029.045,18.0633,57434.2431,17.5634,47205.721,17.5571,51076.0003,15.7125,35036.3328,14.8427,21705.309
20190122,603976.SH,18.6767,18.9732,18.1629,18.6965,18.8941,-0.19760000000000133,-1.0458,31028.0,58171.672,8.1013,0.82,18.1925,36288.358,18.2301,50047.713,18.1978,56459.2992,17.6438,47742.0924,17.594,49015.6817,15.8133,35452.8495,14.865,21869.0323
20190123,603976.SH,18.568,19.2202,18.1332,18.6174,18.6965,-0.07910000000000039,-0.4231,47552.8,89331.518,12.4159,1.31,18.404,39225.342,18.1352,44576.313,18.3149,57319.3746,17.7182,49015.1362,17.6283,48679.4367,15.9144,36159.9428,14.887,22208.4682
20190124,603976.SH,18.2814,19.4673,18.2024,18.7558,18.6174,0.13840000000000074,0.7434,56567.87,107578.029,14.7697,1.44,18.6313,43869.732,18.1876,42322.173,18.3727,55803.0092,17.7699,48662.6924,17.6348,45876.407,16.015,37003.3807,14.9126,22596.5024
20190125,603976.SH,18.7657,18.904,18.2716,18.5878,18.7558,-0.16799999999999926,-0.8957,36751.4,68789.448,9.5957,0.84,18.7103,42296.15,18.2469,40284.653,18.3278,49334.5538,17.8448,49051.0048,17.6684,44771.6933,16.1083,37449.9773,14.9361,22868.0708
20190128,603976.SH,18.6273,19.1708,18.3704,18.3803,18.5878,-0.20750000000000313,-1.1163,52222.67,99055.464,13.6352,1.23,18.6076,44824.548,18.3062,41362.913,18.2366,45485.0054,17.9492,49568.5524,17.6932,44818.0617,16.2008,38145.8802,14.9611,23241.3763
20190129,603976.SH,18.1036,18.2814,16.5422,16.9869,18.3803,-1.3933999999999997,-7.5809,66657.35,115939.56,17.404,1.49,18.2656,51950.418,18.2291,44119.388,18.1408,44527.1654,17.9906,51684.5429,17.6839,46186.6277,16.2657,39105.452,14.9787,23706.9576
20190130,603976.SH,16.977,17.2933,16.3051,16.6608,16.9869,-0.3261000000000003,-1.9197,23822.2,40194.12,6.2199,0.46,17.8743,47204.298,18.1391,43214.82,18.0382,41965.2885,18.017,51874.65,17.65,44920.116,16.3243,39305.0987,14.9963,23859.6109
20190131,603976.SH,16.4829,16.8782,16.3742,16.6806,16.6608,0.01980000000000004,0.1188,17544.6,29603.554,4.5808,0.37,17.4593,39399.644,18.0453,41634.688,17.9531,40127.1754,18.009,51371.05,17.6332,44884.051,16.3853,39497.8403,15.0192,23950.7074
20190201,603976.SH,16.6806,18.232,16.6806,17.7577,16.6806,1.0771000000000015,6.4572,109509.65,192887.449,28.5926,2.78,17.2933,53951.294,18.0018,48123.722,17.9531,45543.8715,18.0476,54504.7348,17.6652,47765.8893,16.4655,41237.1778,15.0474,24806.9045
20190211,603976.SH,17.5798,17.8565,17.1648,17.402,17.7577,-0.3556999999999988,-2.0031,59622.0,104871.107,15.5671,1.11,17.0976,55431.16,17.8526,50127.854,17.9409,47601.8808,18.0622,55611.8862,17.6783,49094.4827,16.5394,42129.4212,15.0763,25259.4721
20190212,603976.SH,17.2933,17.3328,16.6806,16.9573,17.402,-0.444700000000001,-2.5555,58786.2,100933.709,15.3489,1.06,17.0917,53856.93,17.6787,52903.674,17.89,49558.8254,18.0123,54778.8186,17.675,50360.06,16.5982,42617.8278,15.0977,25670.4754
20190213,603976.SH,16.7794,17.0759,16.6905,17.066,16.9573,0.10869999999999891,0.641,39500.07,67482.809,10.3134,0.73,17.1727,56992.504,17.5235,52098.401,17.8033,49165.0377,17.9121,50905.4257,17.6549,49544.4227,16.6463,42752.9618,15.1165,25881.6863
20190214,603976.SH,17.0561,17.0561,16.73,16.9573,17.066,-0.10869999999999891,-0.6369,23984.07,41033.119,6.2622,0.42,17.2281,58280.398,17.3437,48840.021,17.6543,47965.2985,17.7878,47177.6767,17.653,49390.6637,16.6938,42513.1173,15.1346,26016.5369
20190215,603976.SH,16.9474,16.9672,16.7596,16.8881,16.9573,-0.0691999999999986,-0.4081,19886.2,33972.877,5.1922,0.34,17.0541,40355.708,17.1737,47153.501,17.5152,47108.2369,17.7238,44357.5305,17.6764,48675.0647,16.7445,42517.2305,15.1506,26114.0953
20190218,603976.SH,16.8881,17.6391,16.8881,17.5304,16.8881,0.6422999999999988,3.8033,48002.41,84451.436,12.5333,1.19,17.0798,38031.79,17.0887,46731.475,17.4316,47142.8223,17.7017,43923.0452,17.7235,49534.4267,16.802,43011.3422,15.1756,26454.0413
20190219,603976.SH,17.5304,18.0542,17.3328,18.0245,17.5304,0.49409999999999954,2.8185,65127.77,116738.309,17.0047,1.71,17.2933,39300.104,17.1925,46578.517,17.3754,47801.2762,17.713,45051.031,17.7874,51044.354,16.8687,43857.79,15.2065,26952.4327
20190220,603976.SH,17.9652,18.2222,17.817,18.0245,18.0245,0.0,0.0,37118.8,67676.212,9.6916,0.94,17.485,38823.85,17.3288,47908.177,17.332,47829.5377,17.7257,44957.0405,17.8266,51344.3073,16.9342,44272.3147,15.2378,27211.676
20190221,603976.SH,18.0245,18.1727,17.6194,18.0245,18.0245,0.0,0.0,46638.61,84396.993,12.1772,1.2,17.6984,43354.758,17.4632,50817.578,17.3047,47399.9946,17.7478,45612.7895,17.8625,51442.1853,17.0085,44867.6948,15.2688,27559.1594
20190222,603976.SH,17.9356,18.7459,17.7874,18.6471,18.0245,0.6225999999999985,3.4542,47661.4,88258.783,12.4442,1.1,18.0502,48909.798,17.5522,44632.753,17.4324,45938.7677,17.7968,46294.479,17.9142,51818.5047,17.0857,45439.4015,15.3054,27895.8661
20190225,603976.SH,18.6471,19.5266,18.4396,18.9435,18.6471,0.296400000000002,1.5895,100708.69,193097.929,26.2947,2.06,18.3328,59451.054,17.7063,48741.422,17.608,51853.1131,17.8325,48965.4019,17.9455,52632.7737,17.1659,46906.1813,15.3477,28669.4439
20190226,603976.SH,18.8546,18.8546,17.649,17.6885,18.9435,-1.254999999999999,-6.625,91879.61,168470.306,23.9895,1.55,18.2656,64801.422,17.7794,52050.763,17.6855,57571.1908,17.7751,51455.8271,17.8961,51667.3833,17.2396,48218.1815,15.3783,29382.2416
20190227,603976.SH,17.4909,17.7577,17.3526,17.57,17.6885,-0.11850000000000094,-0.6699,37309.6,66092.094,9.7414,0.58,18.1747,64839.582,17.8298,51831.716,17.6711,52017.3408,17.7215,51754.951,17.8295,49502.1433,17.3109,48745.258,15.409,29653.4908
20190228,603976.SH,17.5798,18.0838,17.5798,18.0838,17.57,0.5137999999999998,2.9243,38962.69,70602.506,10.173,0.6,18.1866,63304.398,17.9425,53329.578,17.7235,50428.1631,17.6961,51345.8981,17.8246,48163.924,17.3809,49050.5538,15.4415,29914.6865
20190301,603976.SH,18.1332,18.4099,17.817,17.9652,18.0838,-0.1186000000000007,-0.6558,27589.89,50450.49,7.2036,0.44,18.0502,59290.096,18.0502,54099.947,17.801,48028.4469,17.6584,49965.9943,17.8236,47179.367,17.4389,49107.6212,15.4722,30087.1865
20190304,603976.SH,18.153,18.2716,17.9059,17.985,17.9652,0.01980000000000004,0.1102,39371.51,71959.568,10.2798,0.66,17.8585,47022.66,18.0957,53236.857,17.8717,48018.5577,17.6297,50090.7614,17.8302,47110.415,17.5018,49459.043,15.502,30347.334
20190305,603976.SH,17.9652,18.3704,17.6885,18.3012,17.985,0.31620000000000203,1.7581,37934.21,69310.303,9.9045,0.81,17.981,36233.58,18.1233,50517.501,17.9751,49091.6454,17.6259,49410.3586,17.8483,47071.802,17.5637,49791.3488,15.5365,30613.0891
20190306,603976.SH,18.3012,18.4791,17.9949,18.4791,18.3012,0.1778999999999975,0.9721,48631.23,89889.047,12.6975,1.34,18.1629,38497.906,18.1688,51668.744,18.0975,51302.8015,17.697,48551.9719,17.8789,47597.247,17.6199,50134.5347,15.5736,30981.7277
20190307,603976.SH,18.7162,19.2202,18.5878,18.8151,18.4791,0.3360000000000021,1.8183,72429.53,138469.833,18.9111,1.88,18.3091,45191.274,18.2478,54247.836,18.1963,53181.8108,17.7996,50866.6067,17.9188,48900.034,17.6838,51067.2168,15.6119,31523.9099
20190308,603976.SH,18.3901,18.3901,16.9375,16.9375,18.8151,-1.877600000000001,-9.9792,50724.6,91280.432,13.244,1.12,18.1036,49818.216,18.0769,54554.156,18.1127,52073.8746,17.8118,52446.6067,17.8769,49103.5437,17.6913,51069.5418,15.6333,31879.4962
20190311,603976.SH,16.7992,17.5205,16.7992,17.4415,16.9375,0.5040000000000013,2.9756,27865.59,48628.436,7.2756,0.56,17.9949,47517.032,17.9267,47269.846,18.0678,51362.0892,17.7968,48558.7943,17.8285,48713.0407,17.6928,49894.5205,15.6614,32063.8865
20190312,603976.SH,17.7379,19.1906,17.7379,19.1906,17.4415,1.7490999999999985,10.0284,90396.24,172018.754,23.6022,1.9,18.1728,58009.438,18.0769,47121.509,18.1575,54728.0608,17.8819,50024.2343,17.845,50691.982,17.7195,49853.8318,15.7033,32773.9373
20190313,603976.SH,19.9515,20.8507,19.5661,20.1096,19.1906,0.9190000000000005,4.7888,129513.9,264877.232,33.8157,2.23,18.4989,74185.972,18.3309,56341.939,18.27,61024.4069,18.032,53392.22,17.8947,53424.0187,17.7615,51051.7277,15.7514,33762.0154
20190314,603976.SH,19.6847,20.9001,18.4,19.4673,20.1096,-0.6422999999999988,-3.194,80267.55,159888.42,20.9576,1.08,18.6293,75753.576,18.4692,60472.425,18.3103,59452.0115,18.1464,55333.5286,17.9185,54214.008,17.7767,50045.2075,15.7962,34372.3326
20190315,603976.SH,19.5463,20.5938,18.9732,19.3783,19.4673,-0.08900000000000219,-0.4572,58473.55,117070.751,15.2673,0.77,19.1175,77303.366,18.6105,63560.791,18.4403,56882.3146,18.2617,56975.8848,17.9448,54938.0797,17.8066,49854.8865,15.8392,34828.3273
20190318,603976.SH,19.0819,21.3152,19.0127,21.3152,19.3783,1.9369000000000014,9.9952,91165.46,190555.007,23.803,1.18,19.8922,89963.34,18.9435,68740.186,18.7284,61025.0731,18.4725,60370.1352,18.0426,56236.1727,17.8679,50527.1172,15.8953,35296.9063
20190319,603976.SH,21.7401,21.9773,20.3665,20.8211,21.3152,-0.49409999999999954,-2.3181,89673.15,189876.005,23.4134,1.0,20.2183,89818.722,19.1955,73914.08,18.939,64925.8777,18.6292,62354.4562,18.1704,57003.366,17.9272,51594.9968,15.9486,35885.8223
20190320,603976.SH,20.4159,21.246,19.7835,21.078,20.8211,0.25689999999999813,1.2338,74283.23,153283.085,19.3951,0.83,20.412,78772.588,19.4554,76479.28,19.1784,68517.6731,18.7746,62790.4305,18.3177,58685.4003,17.9838,51802.7582,16.0066,36431.3813
20190321,603976.SH,20.7025,20.8013,20.2776,20.2973,21.078,-0.7806999999999995,-3.7039,55104.47,114276.339,14.3876,0.7,20.578,73739.972,19.6036,74746.774,19.3563,69727.9008,18.8828,63646.891,18.4382,59937.396,18.0357,52410.7235,16.0612,36823.7018
20190322,603976.SH,19.9317,20.2183,19.4772,19.912,20.2973,-0.38530000000000086,-1.8983,43770.78,87741.359,11.4284,0.59,20.6847,70799.418,19.9011,74051.392,19.4802,70176.8677,18.9727,63510.3276,18.51,57746.1003,18.0876,52755.9948,16.1109,37132.8756
20190325,603976.SH,19.6155,20.1096,19.3882,19.9614,19.912,0.04940000000000211,0.2481,29977.38,59915.764,7.827,0.42,20.414,58561.802,20.1531,74262.571,19.5942,68741.9562,19.0353,62668.2314,18.5954,56757.9463,18.1368,52926.2145,16.161,37312.5254
20190326,603976.SH,19.7637,20.0997,19.3783,19.3783,19.9614,-0.5831000000000017,-2.9211,31657.8,63067.775,8.2658,0.54,20.1254,46958.732,20.1718,68388.727,19.6375,65605.6692,19.056,59380.0938,18.6761,55853.6663,18.1756,53106.8632,16.2072,37524.5421
20190327,603976.SH,19.4673,20.1195,19.2103,20.0305,19.3783,0.6522000000000006,3.3656,38400.6,76787.574,10.0263,0.82,19.9159,39782.206,20.1639,59277.397,19.8755,64657.6692,19.1675,56833.4743,18.7749,55817.0173,18.2149,52680.72,16.2572,37796.7504
20190328,603976.SH,20.0997,20.5938,19.8625,19.991,20.0305,-0.03950000000000031,-0.1972,44603.8,91485.306,11.6459,1.12,19.8546,37682.072,20.2163,55711.022,20.0716,65945.2238,19.2828,57180.8171,18.876,56504.3417,18.2645,52947.5027,16.3064,38116.8633
20190329,603976.SH,19.912,20.6234,19.8625,20.5543,19.991,0.5633000000000017,2.8178,40650.19,83528.839,10.6136,1.08,19.9831,37057.954,20.3339,53928.686,20.1765,62118.6046,19.4005,57261.1743,18.9982,57196.4747,18.3373,52935.7697,16.3602,38402.5291
20190401,603976.SH,20.7519,20.9891,20.2776,20.8211,20.5543,0.2667999999999999,1.298,55769.59,116587.6,14.5613,1.5,20.155,42216.396,20.2845,50389.099,20.2312,56445.9654,19.5364,58603.0648,19.1079,57455.3807,18.4157,53494.9037,16.4186,38812.0973
20190402,603976.SH,20.9001,20.9001,20.3665,20.5246,20.8211,-0.29650000000000176,-1.424,36490.76,75877.566,9.5276,0.86,20.3843,43182.988,20.2548,45070.86,20.3125,53078.52,19.6574,58465.8862,19.1912,56500.8137,18.4893,53772.5838,16.4733,39070.1385
20190403,603976.SH,20.4752,20.4851,20.0602,20.2677,20.5246,-0.25689999999999813,-1.2517,29967.8,61355.523,7.8245,0.69,20.4317,41496.428,20.1738,40639.317,20.381,50885.77,19.751,58086.5333,19.266,56262.447,18.5463,53803.3772,16.5294,39274.6735
20190404,603976.SH,20.2677,20.4357,19.8724,19.9614,20.2677,-0.30630000000000024,-1.5113,25762.2,52383.566,6.7264,0.62,20.4258,37728.108,20.1402,37705.09,20.2768,45854.75,19.8216,56997.5319,19.3306,55566.5667,18.5965,53504.376,16.5827,39454.1585
20190408,603976.SH,20.0305,20.1392,19.6451,19.8724,19.9614,-0.08900000000000219,-0.4459,19775.89,39668.818,5.1634,0.52,20.2894,33553.248,20.1363,35305.601,20.2038,40478.0377,19.872,54490.2157,19.3714,54637.0497,18.6428,53227.7772,16.6336,39577.5509
20190409,603976.SH,19.8724,20.2381,19.576,20.2381,19.8724,0.36570000000000036,1.8402,21850.4,44252.604,5.7051,0.65,20.1728,26769.41,20.1639,34492.903,20.1392,36444.7431,20.0291,53115.2538,19.4146,52008.44,18.68,52320.6068,16.6991,39663.5976
20190410,603976.SH,20.2381,20.2381,19.7242,19.7637,20.2381,-0.47439999999999927,-2.3441,19546.6,39344.118,5.1036,0.73,20.0207,23380.578,20.2025,33281.783,20.0982,33709.5223,20.1397,52719.1114,19.4837,49597.3397,18.6899,50632.3615,16.7632,39743.4201
20190411,603976.SH,19.7637,19.8527,18.5977,18.5977,19.7637,-1.1660000000000004,-5.8997,32393.8,62594.119,8.4579,1.39,19.6867,23865.778,20.0592,32681.103,19.9971,32834.37,20.1115,49957.0905,19.518,49433.4797,18.6738,49467.8115,16.8198,39963.1768
20190412,603976.SH,18.5779,18.5779,17.9158,18.0739,18.5977,-0.5238000000000014,-2.8165,24184.2,44506.938,6.3144,1.01,19.3092,23550.178,19.8675,30639.143,19.8519,32388.7408,20.0145,44941.3905,19.5177,48940.8633,18.6711,48552.3937,16.8733,40112.5501
20190415,603976.SH,18.3803,18.5483,18.0245,18.0542,18.0739,-0.01969999999999672,-0.109,15813.2,29307.246,4.1288,0.67,18.9455,22757.64,19.6175,28155.444,19.75,31169.9254,19.9472,41872.1357,19.5206,48548.307,18.6721,47863.837,16.9245,40171.4403
20190416,603976.SH,18.2123,18.4593,17.8565,18.4494,18.0542,0.3951999999999991,2.189,14146.4,26093.449,3.6936,0.62,18.5878,21216.84,19.3803,23993.125,19.6284,29304.2177,19.903,39761.319,19.5361,47707.47,18.6831,47408.9425,16.9766,40137.4185
20190417,603976.SH,18.4988,18.568,18.2024,18.4692,18.4494,0.01980000000000004,0.1073,14351.8,26676.043,3.7472,0.68,18.3289,20177.88,19.1748,21779.229,19.5114,26977.1408,19.7675,36103.5257,19.5417,46921.3897,18.695,46996.5958,17.026,40120.5138
20190418,603976.SH,18.4791,18.736,18.1826,18.232,18.4692,-0.2372000000000014,-1.2843,16025.82,29858.04,4.1843,0.79,18.2557,16904.284,18.9712,20385.031,19.3327,25082.9585,19.6442,32596.51,19.5335,45834.5427,18.7062,46715.8948,17.0697,40098.4496
20190419,603976.SH,18.2913,18.3704,17.9158,18.2222,18.232,-0.009799999999998477,-0.0538,10800.42,19812.508,2.82,0.64,18.2854,14227.528,18.7973,18888.853,19.1328,21623.7915,19.5082,29573.519,19.5137,43780.239,18.7163,46340.1365,17.1152,40108.8681
20190422,603976.SH,18.2419,18.3506,17.8664,17.9158,18.2222,-0.3064,-1.6815,12164.8,22197.387,3.1762,0.86,18.2577,13497.848,18.6016,18127.744,18.9321,19752.5638,19.3948,27528.7729,19.5463,42494.9123,18.7116,45799.228,17.1585,40156.5631
20190423,603976.SH,17.9949,17.9949,17.5601,17.649,17.9158,-0.2667999999999999,-1.4892,9498.8,17024.459,2.4801,0.7,18.0976,12568.328,18.3427,16892.584,18.7307,18178.0254,19.287,25896.7738,19.5532,41882.686,18.6909,45297.8633,17.2017,40167.0981
20190424,603976.SH,17.649,18.3901,17.649,18.3309,17.649,0.6818999999999988,3.8637,15009.1,27434.643,3.9188,1.19,18.07,12699.788,18.1994,16438.834,18.6053,17350.8638,19.2094,25183.9986,19.5246,39369.7813,18.6848,45030.8817,17.249,40241.8656
20190425,603976.SH,18.1826,18.1826,16.7992,17.0264,18.3309,-1.3045000000000009,-7.1164,15530.2,27864.198,4.0549,1.22,17.8289,12600.664,18.0423,14752.474,18.3863,17024.2723,19.0974,24416.0176,19.4218,35570.3247,18.6583,44497.1717,17.2863,40328.5573
20190426,603976.SH,17.0462,17.3526,17.0363,17.0759,17.0264,0.049500000000001876,0.2907,11276.8,19604.498,2.9443,0.89,17.5996,12695.94,17.9425,13461.734,18.1431,16210.9185,18.9567,23124.4081,19.3421,33270.633,18.6303,43742.3205,17.3227,40372.8506
20190429,603976.SH,17.1055,17.313,16.5324,17.1154,17.0759,0.03950000000000031,0.2313,11041.89,19012.852,2.883,0.87,17.4395,12471.358,17.8486,12984.603,17.9394,15556.71,18.8198,21526.2219,19.2667,31689.5777,18.6057,43313.8287,17.357,40381.903
20190430,603976.SH,17.0561,17.57,16.7003,17.4613,17.1154,0.3459000000000003,2.021,12589.4,22092.759,3.2871,1.01,17.402,13089.478,17.7498,12828.903,17.852,14033.2946,18.6725,20189.9938,19.1382,29070.3757,18.5904,42653.2742,17.3956,40399.5772
20190506,603976.SH,17.1648,17.1648,15.7122,15.7122,17.4613,-1.749100000000002,-10.017,17171.82,28313.058,4.4835,1.31,16.8782,13522.022,17.4741,13110.905,17.6703,13493.8808,18.4292,18352.0048,18.9679,26653.6647,18.5692,41828.5153,17.4174,40466.9837
20190507,603976.SH,15.722,16.2458,15.0797,15.7616,15.7122,0.04940000000000033,0.3144,10844.22,17249.666,2.8314,0.8,16.6253,12584.826,17.2271,12592.745,17.4939,13111.6515,18.2024,17130.741,18.7907,24539.031,18.5542,41612.2157,17.4393,40458.6572
20190508,603976.SH,15.5738,15.8802,15.2181,15.3959,15.7616,-0.36570000000000036,-2.3202,6961.4,10962.513,1.8176,0.55,16.2893,11721.746,16.9444,12208.843,17.2591,12558.9592,17.9704,16035.1981,18.6273,22934.262,18.5328,41435.829,17.459,40466.8347
20190509,603976.SH,15.3959,15.7616,15.3663,15.5046,15.3959,0.10870000000000068,0.706,7556.95,11893.059,1.9731,0.64,15.9671,11024.758,16.7033,11748.058,17.031,12036.2785,17.7582,15168.2814,18.4804,21727.1343,18.4952,39736.6173,17.4804,40486.8976
20190510,603976.SH,15.5936,16.0086,15.3465,15.8604,15.5046,0.35580000000000034,2.2948,11043.4,17679.391,2.8834,1.0,15.6469,10715.558,16.5245,11902.518,16.8486,11653.0154,17.5671,14752.4486,18.3437,21096.0017,18.4695,38926.974,17.5045,40528.1976
20190513,603976.SH,15.8604,15.9592,15.5936,15.8406,15.8604,-0.01980000000000004,-0.1248,8106.0,12994.592,2.1165,0.76,15.6726,8902.394,16.2754,11212.208,16.6654,11445.7523,17.3577,14097.9533,18.2258,20310.9417,18.4509,38082.304,17.5246,40350.0659
20190514,603976.SH,15.7122,15.9889,15.6133,15.6825,15.8406,-0.15810000000000102,-0.9981,7737.0,12396.428,2.0201,0.87,15.6568,8280.95,16.141,10432.888,16.4936,11105.1523,17.1634,13535.5914,18.0808,19288.8217,18.4279,37552.9195,17.5371,40152.9407
20190515,603976.SH,15.8209,15.9691,15.6924,15.8999,15.6825,0.21740000000000137,1.3863,8722.35,14039.817,2.2774,1.05,15.7576,8633.14,16.0234,10177.443,16.359,11045.4254,17.0349,12408.3795,17.9445,18092.7733,18.4102,37298.5575,17.552,39905.8374
20190516,603976.SH,15.8999,16.1667,15.811,16.0679,15.8999,0.16800000000000104,1.0566,11021.55,17836.665,2.8777,1.28,15.8703,9326.06,15.9187,10175.409,16.185,10738.6908,16.9394,11781.5867,17.7949,17105.152,18.3966,37150.8133,17.5705,39834.0219
20190517,603976.SH,16.0778,16.1074,15.0501,15.3169,16.0679,-0.7510000000000012,-4.6739,13765.0,21738.786,3.594,1.48,15.7616,9870.38,15.7043,10292.969,16.0535,10602.9062,16.809,11684.0533,17.6115,15704.999,18.3597,36580.1898,17.5808,39795.766
20190520,603976.SH,15.3169,15.3268,14.8228,15.0698,15.3169,-0.24709999999999965,-1.6133,6789.95,10340.561,1.7728,0.69,15.6074,9607.17,15.64,9254.782,15.8992,10257.7638,16.6481,11333.7462,17.4296,14714.972,18.3104,35607.8928,17.5896,39732.8414
20190521,603976.SH,14.971,15.3367,14.971,15.2971,15.0698,0.2272999999999996,1.5083,9008.8,13897.418,2.3522,0.94,15.5303,9861.53,15.5936,9071.24,15.7593,10101.3723,16.4971,11079.3176,17.2639,14016.3387,18.265,35139.3928,17.5996,39705.8538
20190522,603976.SH,15.475,15.4948,15.0501,15.0896,15.2971,-0.20749999999999957,-1.3565,8239.0,12731.022,2.1512,0.84,15.3683,9764.86,15.5629,9199.0,15.5768,9766.7262,16.3474,10708.5167,17.1015,13432.232,18.2161,34499.3993,17.6123,39683.5471
20190523,603976.SH,15.1983,15.2971,14.9315,14.9414,15.0896,-0.148200000000001,-0.9821,6805.91,10387.006,1.777,0.7,15.143,8921.732,15.5066,9123.896,15.5176,8969.3485,16.1912,10518.3019,16.9372,12999.8993,18.1543,33818.4745,17.62,39628.938
20190524,603976.SH,14.8722,15.1983,14.8722,15.0007,14.9414,0.05930000000000035,0.3969,6345.37,9653.054,1.6568,0.71,15.0797,7437.806,15.4206,8654.093,15.459,8623.2831,16.0524,10241.1862,16.7626,12483.065,18.0886,32245.7525,17.6273,39575.9669
20190527,603976.SH,15.06,15.4651,14.9414,15.4058,15.0007,0.4050999999999991,2.7005,8813.86,13647.537,2.3013,1.19,15.1469,7842.588,15.3772,8724.879,15.4598,8765.78,15.9456,10208.57,16.6173,12125.307,18.0505,30861.3233,17.6451,39539.7524
20190528,603976.SH,15.4256,15.4948,15.1983,15.2872,15.4058,-0.11859999999999893,-0.7698,6859.95,10679.745,1.7911,0.87,15.1449,7412.818,15.3376,8637.174,15.4431,8712.1646,15.8006,9820.5152,16.507,11274.1787,18.0125,30353.8292,17.6617,39549.5436
20190529,603976.SH,15.4058,15.4552,15.2181,15.4058,15.2872,0.11859999999999893,0.7758,6539.0,10164.613,1.7073,0.88,15.2082,7072.818,15.2882,8418.839,15.4081,8365.6723,15.7235,9392.3629,16.4181,10686.0053,17.9679,29813.4343,17.6744,39431.9941
20190530,603976.SH,15.2279,15.3663,15.1687,15.2774,15.4058,-0.12839999999999918,-0.8335,6731.2,10381.529,1.7575,0.95,15.2754,7057.876,15.2092,7989.804,15.3648,8259.9185,15.6378,9175.9057,16.3255,10383.272,17.9231,29465.7895,17.681,39286.7053
20190531,603976.SH,15.4058,15.643,15.307,15.643,15.2774,0.3656000000000006,2.3931,10119.56,15936.806,2.6422,1.43,15.4038,7812.714,15.2418,7625.26,15.3617,8443.1923,15.5677,9131.9852,16.2319,10249.044,17.884,28978.257,17.6929,39218.65
20190603,603976.SH,16.0284,16.0284,14.9611,15.0204,15.643,-0.6226000000000003,-3.9801,11742.4,18318.575,3.0659,1.5,15.3268,8398.422,15.2368,8120.505,15.2941,8675.5038,15.4515,9091.6519,16.117,10162.064,17.8294,28541.7268,17.6965,39166.5378
20190604,603976.SH,15.0007,15.4651,15.0007,15.2971,15.0204,0.27669999999999995,1.8422,9774.74,15106.692,2.5522,1.16,15.3287,8981.38,15.2368,8197.099,15.2348,8579.5954,15.4317,8739.41,16.0192,9953.6947,17.7763,27894.1187,17.6981,39014.3267
20190605,603976.SH,15.3762,15.3762,15.0995,15.2181,15.2971,-0.07900000000000063,-0.5164,6395.21,9860.322,1.6698,0.71,15.2912,8952.622,15.2497,8012.72,15.2272,8012.6885,15.4058,8527.5524,15.919,9806.8543,17.7164,26793.5467,17.7001,38930.3818
20190606,603976.SH,15.4022,15.4022,14.2006,14.29,15.2135,-0.9235000000000007,-6.0703,11137.0,16346.197,2.9078,1.24,15.0937,9833.782,15.1845,8445.829,15.1672,8347.0769,15.3532,8726.3905,15.7982,9772.5943,17.6722,26133.7533,17.6818,38601.6476
20190610,603976.SH,14.3099,14.7468,14.29,14.6574,14.29,0.3674000000000017,2.571,8206.0,12054.804,2.1426,0.83,14.8966,9451.07,15.1502,8631.892,15.118,8285.3231,15.3128,8757.2976,15.6984,9729.501,17.6258,25806.0935,17.6593,37850.307
20190611,603976.SH,14.5383,15.8193,14.5383,15.4817,14.6574,0.8242999999999991,5.6238,17560.8,27045.121,4.5851,1.86,14.9889,10614.75,15.1578,9506.586,15.1482,9002.3846,15.2948,9067.65,15.6035,9814.5577,17.564,24592.1695,17.6418,37223.0007
20190612,603976.SH,15.6008,15.6008,15.2433,15.3625,15.4817,-0.1191999999999993,-0.7699,7688.67,11930.716,2.0075,0.72,15.0019,10197.536,15.1653,9589.458,15.1805,9070.2892,15.272,9047.7771,15.548,9553.1733,17.4849,22561.749,17.6232,36806.7383
20190613,603976.SH,15.5015,15.6108,15.3029,15.4519,15.3625,0.08939999999999948,0.5819,7736.94,12090.132,2.0201,0.76,15.0487,10465.882,15.1699,9709.252,15.2153,9177.3331,15.261,9047.7743,15.4939,9435.178,17.418,21352.9055,17.5973,35699.0565
20190614,603976.SH,15.6108,15.6902,15.1142,15.2334,15.4519,-0.21850000000000058,-1.4141,7384.57,11448.8,1.9281,0.71,15.2374,9715.396,15.1655,9774.589,15.202,9067.3877,15.2293,8984.0705,15.4311,9313.2673,17.3489,20501.4225,17.5778,35178.1545
20190617,603976.SH,15.4419,15.5313,15.1341,15.2831,15.2334,0.04969999999999963,0.3263,5626.2,8695.327,1.469,0.58,15.3625,9199.436,15.1296,9325.253,15.2017,8972.4838,15.1919,8727.149,15.3585,9081.1607,17.2484,19075.7682,17.5581,34801.4427
20190618,603976.SH,15.1837,15.998,15.1837,15.9583,15.2831,0.6752000000000002,4.418,21378.57,34086.906,5.5819,2.32,15.4578,9962.99,15.2233,10288.87,15.2442,10113.9892,15.2225,9089.7,15.3667,9221.3857,17.1673,17937.5252,17.5473,34766.261
20190619,603976.SH,16.0378,16.2761,15.7597,15.869,15.9583,-0.08929999999999971,-0.5596,18936.11,30330.986,4.9442,1.9,15.5591,12212.478,15.2805,11205.007,15.2897,11052.8285,15.2605,9668.0886,15.3703,9491.1153,17.0805,17015.0732,17.5322,34408.9157
20190620,603976.SH,15.8292,16.1271,15.6207,15.9583,15.869,0.08929999999999971,0.5627,15762.92,25171.542,4.1157,1.29,15.6604,13817.674,15.3546,12141.778,15.3139,11486.9331,15.292,9989.7133,15.3891,9784.4993,17.0082,16359.3807,17.522,34385.0521
20190621,603976.SH,15.9285,16.1867,15.9285,16.0775,15.9583,0.11920000000000108,0.7469,11817.87,19117.774,3.0856,0.86,15.8292,14704.334,15.5333,12209.865,15.3953,11492.7385,15.339,10160.1357,15.4082,9926.53,16.9443,15826.8322,17.5159,34291.4135
20190624,603976.SH,16.1669,16.1867,15.8094,15.8888,16.0775,-0.18870000000000076,-1.1737,7370.4,11819.296,1.9244,0.5,15.9504,15053.174,15.6564,12126.305,15.4408,11307.7892,15.3842,10187.0162,15.4091,9804.0967,16.8764,15450.0492,17.5066,34188.1318
20190625,603976.SH,15.8888,16.0477,15.4916,15.7994,15.8888,-0.08939999999999948,-0.5627,10112.21,16035.121,2.6403,0.67,15.9186,12799.902,15.6882,11381.446,15.4855,11593.7123,15.4222,10366.3895,15.4077,9870.9703,16.8168,15090.956,17.4962,34098.9096
20190626,603976.SH,15.7796,15.9484,15.7498,15.7994,15.7994,0.0,0.0,4849.1,7743.648,1.2661,0.38,15.9047,9982.5,15.7319,11097.489,15.6016,11110.0277,15.4409,10177.5914,15.4116,9774.707,16.7462,14531.7643,17.4806,33606.2422
20190627,603976.SH,15.7994,16.0676,15.6902,15.9683,15.7994,0.16889999999999894,1.069,7631.02,12251.432,1.9924,0.76,15.9067,8356.12,15.7835,11086.897,15.7024,11065.7985,15.4734,10214.309,15.4139,9738.3293,16.6792,13915.5513,17.4718,33431.527
20190628,603976.SH,16.0676,16.0676,15.5611,15.8392,15.9683,-0.12909999999999933,-0.8085,9624.8,15314.257,2.513,1.15,15.859,7917.506,15.8441,11310.92,15.7299,10455.3369,15.494,10361.2519,15.4063,9691.771,16.6006,13398.4615,17.4689,33167.1156
20190701,603976.SH,16.0477,16.2662,15.9087,16.2264,15.8392,0.38720000000000176,2.4446,14942.8,24258.553,3.9015,1.89,15.9265,9431.986,15.9385,12242.58,15.7964,11013.3469,15.5392,10752.2805,15.4366,9731.031,16.524,12718.015,17.4699,33106.4593
20190702,603976.SH,16.2165,16.2662,16.0576,16.2463,16.2264,0.019899999999999807,0.1226,10496.8,17101.696,2.7407,1.11,16.0159,9508.904,15.9673,11154.403,15.8575,11225.6438,15.5679,10770.2443,15.4758,9854.5927,16.4527,12284.7823,17.471,33028.6831
20190703,603976.SH,16.1172,16.1768,15.7696,15.8292,16.2463,-0.41710000000000136,-2.5674,10103.66,16132.746,2.638,1.06,16.0219,10559.816,15.9633,10271.158,15.9033,11434.8046,15.6064,10692.209,15.4936,9891.088,16.3787,11953.7133,17.4625,32878.5453
20190704,603976.SH,15.8789,15.9484,15.7001,15.7498,15.8292,-0.07939999999999969,-0.5016,6882.06,10939.808,1.7969,0.65,15.9782,10410.024,15.9424,9383.072,15.9392,11531.4092,15.628,10554.4624,15.5156,9845.8567,16.3086,11639.0443,17.4525,32571.7102
20190705,603976.SH,15.8094,15.9385,15.7399,15.8789,15.7498,0.12909999999999933,0.8197,5178.4,8262.779,1.3521,0.5,15.9861,9520.744,15.9226,8719.125,15.9331,10285.2423,15.6595,10496.519,15.5468,9791.6063,16.242,11395.7528,17.4424,32311.765
20190708,603976.SH,15.7696,15.8987,15.3526,15.4717,15.8789,-0.40719999999999956,-2.5644,8346.22,13072.849,2.1792,0.88,15.8352,8201.428,15.8809,8816.707,15.9026,9470.6354,15.7157,10363.6248,15.5625,9858.3013,16.1626,11170.6832,17.4213,31745.645
20190709,603976.SH,15.2433,15.5611,15.2433,15.3824,15.4717,-0.08929999999999971,-0.5772,5247.4,8153.003,1.3701,0.64,15.6624,7151.548,15.8392,8330.226,15.8583,8661.7492,15.7503,10222.739,15.5617,9739.4193,16.0895,10932.3632,17.3897,30782.3623
20190710,603976.SH,15.4022,15.5611,15.2831,15.3526,15.3824,-0.029799999999999827,-0.1937,3813.6,5916.792,0.9957,0.53,15.5671,5893.536,15.7945,8226.676,15.8025,8046.0362,15.7441,9568.1105,15.5639,9637.8743,16.0354,10456.0265,17.3546,29961.919
20190711,603976.SH,15.3526,15.6604,15.3526,15.5611,15.3526,0.20849999999999902,1.3581,7946.2,12434.866,2.0747,1.35,15.5293,6106.364,15.7538,8258.194,15.7773,8090.3285,15.7536,9580.3738,15.5691,9684.781,15.9936,10185.3932,17.3323,29368.8934
20190712,603976.SH,15.5611,15.8789,15.3526,15.7994,15.5611,0.23830000000000062,1.5314,7219.9,11385.105,1.8851,1.18,15.5134,6514.664,15.7498,8017.704,15.7773,7867.8431,15.7701,9555.7529,15.5865,9701.071,15.956,10042.1715,17.3141,28953.0043
20190715,603976.SH,15.8491,15.9881,15.6505,15.7994,15.7994,0.0,0.0,11193.6,17816.528,2.9226,1.72,15.579,7084.14,15.7071,7642.784,15.7773,8355.8815,15.7971,9737.1352,15.5917,9736.8723,15.9118,9992.9582,17.2975,28700.9503
20190716,603976.SH,15.8094,16.008,15.7498,15.7696,15.7994,-0.029799999999999827,-0.1886,8068.35,12871.432,2.1066,1.14,15.6564,7648.33,15.6594,7399.939,15.762,8389.5223,15.8202,9853.4281,15.6167,9614.404,15.8668,9888.234,17.2809,28442.4149
20190717,603976.SH,15.6108,15.869,15.6108,15.7498,15.7696,-0.01980000000000004,-0.1256,5773.28,9178.241,1.5074,0.75,15.7359,8040.266,15.6515,6966.901,15.7551,8093.2515,15.8103,9110.319,15.6318,9481.022,15.8255,9717.3583,17.2658,28216.6266
20190718,603976.SH,15.7399,16.3853,15.6505,16.1073,15.7498,0.35749999999999815,2.2699,21045.97,33991.291,5.495,2.62,15.8451,10660.22,15.6872,8383.292,15.746,8562.7262,15.8217,9210.7886,15.6614,9969.3807,15.7902,9888.1175,17.2532,28114.127
20190719,603976.SH,16.0775,16.0775,15.8193,15.9881,16.1073,-0.1191999999999993,-0.74,18001.89,28846.653,4.7002,1.69,15.8828,12816.618,15.6981,9665.641,15.7261,9140.0408,15.8231,9317.4062,15.718,10198.2103,15.7581,9985.4023,17.2349,27892.3152
20190722,603976.SH,15.9285,16.435,15.3724,16.1271,15.9881,0.13899999999999935,0.8694,25058.67,40469.204,6.5427,1.96,15.9484,15589.632,15.7637,11336.886,15.749,10290.4262,15.8254,9947.9205,15.767,10759.966,15.7327,10244.7335,17.2118,27771.2984
20190723,603976.SH,16.0378,17.7359,15.7796,17.7359,16.1271,1.6088000000000022,9.9758,56566.96,95740.723,14.7695,3.63,16.3416,25289.354,15.999,16468.842,15.9018,14112.3415,15.9134,12290.6138,15.8421,12060.1713,15.7228,10937.3645,17.2038,27984.1231
20190724,603976.SH,17.577,17.9544,16.7826,17.4777,17.7359,-0.2582000000000022,-1.4558,67266.35,117700.952,17.563,2.66,16.6872,37587.968,16.2115,22814.117,16.0248,18888.3377,15.9933,15012.2395,15.9126,14046.094,15.7303,11799.6337,17.1943,28148.4027
20190725,603976.SH,17.1798,17.5571,16.9812,17.428,17.4777,-0.04969999999999786,-0.2844,37777.73,65568.324,9.8637,1.01,16.9514,40934.32,16.3982,25797.27,16.1753,21152.3,16.0709,16580.2695,15.9785,15047.4537,15.7362,12241.3158,17.1832,27991.8182
20190726,603976.SH,17.2096,17.2989,16.8918,16.9315,17.428,-0.49650000000000105,-2.8489,23431.58,40194.746,6.1179,0.57,17.14,42020.258,16.5114,27418.438,16.2944,22551.0831,16.1167,17332.6771,16.0351,15582.354,15.7331,12447.8107,17.1694,27880.8197
20190729,603976.SH,16.8322,17.1698,16.6932,17.1401,16.9315,0.20860000000000056,1.232,21778.23,37292.421,5.6862,0.52,17.3426,41364.17,16.6455,28476.901,16.4319,23932.9777,16.1787,17911.4119,16.097,16120.755,15.7278,12600.9578,17.1591,27627.116
20190730,603976.SH,17.0705,17.2493,16.862,17.001,17.1401,-0.1390999999999991,-0.8115,17807.54,30547.484,4.6495,0.43,17.1957,33612.286,16.7686,29450.82,16.5427,24691.5423,16.2156,18047.8281,16.1318,16001.7207,15.7493,12611.5532,17.1592,27220.0343
20190731,603976.SH,17.0705,17.0705,16.7031,16.7627,17.001,-0.2383000000000024,-1.4017,13001.04,22015.621,3.3945,0.39,17.0527,22759.224,16.8699,30173.596,16.6168,25136.2454,16.2402,18167.0776,16.1616,15803.885,15.7659,12647.5002,17.1601,27129.8579
20190801,603976.SH,16.5343,16.8024,16.4549,16.7329,16.7627,-0.02979999999999805,-0.1778,13822.33,23137.895,3.609,0.61,16.9136,17968.144,16.9325,29451.232,16.6886,25338.4554,16.2832,18344.1571,16.1874,15739.1987,15.7882,12761.849,17.1605,27098.839
20190802,603976.SH,16.3754,16.6137,15.9583,16.1569,16.7329,-0.5760000000000005,-3.4423,17037.27,27934.116,4.4484,0.95,16.7587,16689.282,16.9494,29354.77,16.7184,26028.3723,16.3026,18827.7386,16.19,15913.1787,15.7991,12919.8543,17.1472,26328.2358
20190805,603976.SH,16.1073,16.1172,15.7001,15.7001,16.1569,-0.45679999999999943,-2.8273,10912.2,17489.351,2.8491,0.65,16.4707,14516.076,16.9067,27940.123,16.7146,26423.6738,16.2941,19100.7767,16.1837,16031.2387,15.7964,12917.6677,17.133,25922.3208
20190806,603976.SH,15.4121,15.4121,14.1907,14.6872,15.7001,-1.0129000000000001,-6.4516,24229.5,35704.332,6.3263,1.67,16.008,15800.468,16.6018,24706.377,16.6053,26668.5608,16.2567,19857.1233,16.1467,16501.815,15.7772,13186.3927,17.1141,25634.3483
20190807,603976.SH,14.6674,15.144,14.4787,14.5383,14.6872,-0.14890000000000114,-1.0138,10356.0,15391.732,2.7039,0.66,15.5631,15271.46,16.3079,19015.342,16.4938,26080.4154,16.2165,20100.39,16.1046,16685.3783,15.7581,13230.0427,17.093,25391.4811
20190808,603976.SH,14.6872,14.6872,14.2801,14.3992,14.5383,-0.1390999999999991,-0.9568,17424.0,25246.849,4.5494,1.14,15.0963,15991.794,16.005,16979.969,16.3609,25493.1331,16.1711,20748.5043,16.0523,17011.811,15.7331,13375.0702,17.0717,25336.8138
20190809,603976.SH,14.4489,14.5283,13.8332,13.8332,14.3992,-0.5660000000000007,-3.9308,19725.11,28218.961,5.1502,1.23,14.6316,16529.362,15.6952,16609.322,16.0607,22659.1446,16.0888,21309.4048,15.9855,17348.488,15.6959,13520.1295,17.0462,25335.4714
20190812,603976.SH,13.8928,14.2205,13.7339,14.1609,13.8332,0.3277000000000001,2.3689,11037.2,15655.754,2.8818,0.67,14.3238,16554.362,15.3972,15535.219,15.8055,18333.8254,16.0108,21491.181,15.9166,17218.3013,15.6766,13474.6662,17.0181,25027.428
20190813,603976.SH,14.0119,14.151,13.9524,14.0119,14.1609,-0.14899999999999913,-1.0522,6573.16,9294.575,1.7162,0.4,14.1887,13023.094,15.0983,14411.781,15.5428,15933.4738,15.9257,21271.16,15.8421,17087.5133,15.659,13471.053,16.9847,24539.4729
20190814,603976.SH,14.1808,14.5482,14.1113,14.2006,14.0119,0.18869999999999898,1.3467,13206.4,19005.086,3.4482,1.01,14.1212,13593.174,14.8421,14432.317,15.3327,15146.9215,15.851,21515.829,15.7878,17190.938,15.6407,13541.013,16.9528,24340.2029
20190815,603976.SH,13.9722,14.4092,13.8034,14.3794,14.2006,0.17880000000000074,1.2591,12832.8,18380.642,3.3506,0.94,14.1172,12674.934,14.6068,14333.364,15.1203,14458.8115,15.7857,21851.9967,15.7422,17389.296,15.6289,13617.5763,16.9225,24058.4878
20190816,603976.SH,14.3893,14.5184,14.2006,14.3099,14.3794,-0.06949999999999967,-0.4833,13333.8,19299.708,3.4814,1.05,14.2125,11396.672,14.4221,13963.017,14.9133,14114.6777,15.7001,21484.7505,15.6899,17661.1427,15.6183,13726.3745,16.8863,23772.4245
20190819,603976.SH,14.3992,15.0447,14.3794,14.9653,14.3099,0.6553999999999984,4.58,23264.4,34721.383,6.0743,2.04,14.3734,13842.112,14.3486,15198.237,14.7751,14904.1669,15.6514,21735.3462,15.673,18158.4153,15.6177,14008.3583,16.8532,23127.0554
20190820,603976.SH,14.8958,16.4648,14.8958,16.4648,14.9653,1.4995000000000012,10.0198,67036.52,108085.081,17.503,4.84,14.864,25934.784,14.5263,19478.939,14.7544,18997.5662,15.6675,23734.2914,15.7091,20218.0527,15.6354,14978.736,16.843,22920.0297
20190821,603976.SH,16.4648,16.5839,16.1172,16.4449,16.4648,-0.019899999999999807,-0.1209,39598.99,65256.414,10.3392,1.53,15.3129,31213.302,14.717,22403.238,14.7766,20733.0831,15.606,22926.2929,15.7455,21410.899,15.6547,15524.3867,16.8336,22939.1079
20190822,603976.SH,16.286,16.8521,16.2761,16.7826,16.4449,0.3376999999999981,2.0535,24137.13,40381.341,6.3021,0.77,15.7935,33474.168,14.9553,23074.551,14.8599,21750.3854,15.5729,20872.5205,15.7862,21950.5967,15.6776,15817.6888,16.8227,22815.5616
20190823,603976.SH,16.4846,17.0606,16.4747,16.7726,16.7826,-0.00999999999999801,-0.0596,19722.4,33392.327,5.1495,0.59,16.286,34751.888,15.2493,23074.28,15.0203,21403.6854,15.5417,20012.7429,15.8186,22367.3467,15.7026,16034.2088,16.8128,22749.9992
20190826,603976.SH,16.4449,16.9812,16.296,16.9414,16.7726,0.16880000000000095,1.0064,18963.4,32071.149,4.9513,0.55,16.6813,33891.688,15.5273,23866.9,15.2051,22065.7931,15.5422,19799.9724,15.8567,22626.34,15.7242,16181.6062,16.8041,22579.9316
20190827,603976.SH,17.0904,18.2523,16.8123,17.865,16.9414,0.9235999999999969,5.4517,50855.6,90087.651,13.2782,1.5,16.9613,30655.504,15.9126,28295.144,15.4717,24637.4546,15.5767,21184.609,15.9265,24052.5817,15.7716,16833.4928,16.8005,22687.6098
20190828,603976.SH,17.5273,17.6664,16.286,17.5273,17.865,-0.3376999999999981,-1.8903,31335.8,54410.834,8.1817,1.02,17.1778,29002.866,16.2453,30108.084,15.7559,25530.5846,15.6018,21828.8119,15.9858,24904.6657,15.8088,17192.8438,16.7925,22543.4813
20190829,603976.SH,17.5174,17.8253,17.0904,17.5969,17.5273,0.06960000000000122,0.3971,18599.2,32898.653,4.8562,0.64,17.3406,27895.28,16.5671,30684.724,16.0202,26112.2769,15.6415,22095.391,16.0354,24823.1067,15.8484,17396.2437,16.7824,22094.8952
20190830,603976.SH,17.6465,17.7557,17.2096,17.4976,17.5969,-0.09930000000000305,-0.5643,15494.1,27311.193,4.0455,0.56,17.4856,27049.62,16.8858,30900.754,16.2883,26798.5031,15.6779,22174.999,16.0858,24739.5137,15.9019,17468.862,16.7871,21801.3077
20190902,603976.SH,17.5472,17.6366,17.3188,17.4976,17.4976,0.0,0.0,14093.76,24795.166,3.6798,0.52,17.5969,26075.692,17.1391,29983.69,16.5419,26866.7615,15.7417,22034.8319,16.1314,24374.0167,15.9492,17566.9913,16.7875,21686.5424
20190903,603976.SH,17.716,17.8551,17.3486,17.5571,17.4976,0.059499999999999886,0.34,16482.8,29170.066,4.3036,0.63,17.5353,19201.132,17.2483,24928.318,16.7864,27147.5308,15.8302,22300.0986,16.1255,23037.878,15.9838,17549.0247,16.7739,21070.5971
20190904,603976.SH,17.428,19.3148,17.428,19.3148,17.5571,1.7577000000000034,10.0113,61527.33,115953.636,16.0646,3.2,17.8928,25239.438,17.5353,27121.152,17.1714,30854.7254,16.0505,24076.1857,16.1867,22846.5773,16.0497,18446.3357,16.7673,20504.0423
20190905,603976.SH,19.6723,20.5164,18.7687,20.1192,19.3148,0.8043999999999976,4.1647,59498.75,118210.602,15.5349,2.36,18.3973,33419.348,17.8689,30657.314,17.5678,33641.9831,16.3163,26416.3167,16.2764,23570.6113,16.1275,19309.0325,16.7727,20330.969
20190906,603976.SH,20.0398,20.4469,19.4638,19.9603,20.1192,-0.15889999999999915,-0.7898,38382.3,76796.631,10.0215,1.15,18.8898,37996.988,18.1877,32523.304,17.8367,31437.8123,16.5811,27414.331,16.3774,24068.9687,16.2063,19825.6613,16.7776,20163.5419
20190909,603976.SH,20.0497,20.725,19.0566,20.0894,19.9603,0.1291000000000011,0.6468,58774.99,115189.304,15.346,1.55,19.4082,46933.234,18.5025,36504.463,18.1171,32912.8892,16.879,29273.849,16.4757,25302.194,16.2864,20711.4745,16.7674,19893.6213
20190910,603976.SH,19.6425,19.6425,19.1758,19.3446,20.0894,-0.7448000000000015,-3.7074,38791.52,75580.294,10.1284,0.83,19.7657,51394.978,18.6505,35298.055,18.3141,34040.15,17.1259,30595.4833,16.5538,26001.66,16.3428,21001.6903,16.7551,19469.6078
20190911,603976.SH,19.1162,19.5134,19.0666,19.3446,19.3446,0.0,0.0,36453.2,71011.466,9.5178,0.71,19.7716,46380.152,18.8322,35809.795,18.512,35327.1346,17.3798,32018.3424,16.6399,26783.3987,16.4007,21293.6418,16.7406,19154.3575
20190912,603976.SH,19.2652,19.583,19.1957,19.2751,19.3446,-0.06950000000000145,-0.3593,33878.2,66115.864,8.8455,0.73,19.6028,41256.042,19.0,37337.695,18.6915,36474.4269,17.6214,33002.7138,16.7246,27451.9277,16.456,21595.5632,16.7321,18977.4719
20190916,603976.SH,19.2255,19.6425,18.9176,19.1659,19.2751,-0.10919999999999774,-0.5665,27260.0,52557.224,7.1175,0.66,19.4439,39031.582,19.1669,38514.285,18.7916,34659.3808,17.8494,33689.7233,16.8249,27792.6853,16.5075,21852.932,16.7259,18839.8821
20190917,603976.SH,19.1361,19.2652,18.719,19.0467,19.1659,-0.1191999999999993,-0.6219,17043.0,32529.816,4.4499,0.44,19.2354,30685.184,19.3218,38809.209,18.9084,33559.9346,18.0749,33866.3519,16.9365,27997.0453,16.5601,22014.142,16.7183,18732.0956
20190918,603976.SH,18.9673,19.295,18.9573,19.1659,19.0467,0.1191999999999993,0.6258,27688.6,53415.848,7.2294,0.9,19.1996,28464.6,19.4826,39929.789,19.0291,34259.1192,18.275,34077.0281,17.0858,28112.3487,16.6162,22307.0818,16.7165,18699.0189
20190919,603976.SH,19.0666,19.4241,18.9474,19.1559,19.1659,-0.010000000000001563,-0.0522,28488.65,55169.334,7.4383,1.0,19.1619,26871.69,19.4668,36625.921,19.1567,35258.7,18.4031,32241.4152,17.2397,28716.7703,16.6722,22701.0743,16.7092,18616.4193
20190920,603976.SH,19.1559,20.3476,19.0566,20.0,19.1559,0.844100000000001,4.4065,62543.07,124380.162,16.3298,2.33,19.3069,32604.664,19.4548,36930.353,19.3492,38985.57,18.5724,33333.9905,17.4264,30220.7393,16.7394,23616.2752,16.7093,18765.9133
20190923,603976.SH,19.8809,20.3774,19.6823,20.0497,20.0,0.04970000000000141,0.2485,39449.58,79398.611,10.3002,1.21,19.4836,35042.58,19.4638,37037.081,19.5409,40752.2454,18.728,34063.1548,17.6336,30878.2217,16.8095,24113.3548,16.7051,18755.9082
20190924,603976.SH,20.0894,21.013,19.8511,20.6356,20.0497,0.5858999999999988,2.9222,55190.4,113775.823,14.41,1.57,19.8014,42672.06,19.5184,36678.622,19.6425,40264.7892,18.9119,35752.1071,17.8494,32349.995,16.883,24784.1482,16.7035,18751.0816
20190925,603976.SH,20.5462,20.8541,20.0894,20.5462,20.6356,-0.08940000000000126,-0.4332,37592.6,77419.776,9.8153,0.88,20.0775,44652.86,19.6386,36558.73,19.6754,38579.7008,19.0836,36639.2119,18.0672,33383.9763,16.9547,25235.7448,16.7037,18760.2636
20190926,603976.SH,20.6356,21.003,18.9573,19.6624,20.5462,-0.8837999999999973,-4.3015,43140.0,86155.817,11.2637,0.97,20.1788,47583.13,19.6703,37227.41,19.6525,38945.6777,19.1692,36271.8024,18.2493,34381.763,17.0186,25786.3505,16.6987,18870.0319
20190927,603976.SH,19.6624,19.6624,18.4807,19.0666,19.6624,-0.5958000000000006,-3.0301,32353.6,61542.863,8.4474,0.68,19.9921,41545.236,19.6495,37074.95,19.5738,36913.2631,19.2425,36320.269,18.4055,35032.4563,17.0738,26210.8762,16.6912,18924.9603
20190930,603976.SH,18.858,19.1758,18.6495,19.0864,19.0666,0.01980000000000004,0.1038,14668.2,28039.318,3.8298,0.35,19.7994,36588.96,19.6415,35815.77,19.5539,35057.6231,19.3134,36133.0786,18.5647,35076.9363,17.1273,26369.0395,16.6847,18882.3962
20191008,603976.SH,19.0864,19.4141,18.9275,19.2453,19.0864,0.15889999999999915,0.8325,15057.32,29142.307,3.9314,0.41,19.5214,28562.344,19.6614,35617.202,19.5463,33411.7862,19.3966,36112.2795,18.7074,34803.367,17.1902,26480.8912,16.6764,18825.7872
20191009,603976.SH,19.0666,19.6326,18.9673,19.573,19.2453,0.3277000000000001,1.7028,18618.52,36369.789,4.8612,0.65,19.3267,24767.528,19.7021,34710.194,19.5692,32237.9646,19.4955,36327.7443,18.811,33189.4337,17.26,26703.7432,16.6748,18818.0532
20191010,603976.SH,19.6326,19.8412,19.2652,19.5035,19.573,-0.06950000000000145,-0.3551,18834.4,36912.022,4.9176,0.76,19.295,19906.408,19.7369,33744.769,19.5952,31589.8415,19.5881,36439.7252,18.913,32497.2807,17.3292,26954.0898,16.6823,18705.0582
20191011,603976.SH,19.5333,19.5631,19.3446,19.5631,19.5035,0.05959999999999965,0.3056,10940.4,21430.838,2.8565,0.55,19.3943,15623.768,19.6932,28584.502,19.6349,31120.4108,19.6,34030.8238,19.0057,32057.3897,17.3959,27003.9932,16.6947,18594.6932
20191014,603976.SH,19.6525,20.1192,19.6425,20.0298,19.5631,0.466700000000003,2.3856,18887.92,38004.641,4.9316,1.21,19.5829,16467.712,19.6912,26528.336,19.7013,30443.4354,19.5957,32096.9748,19.1142,32029.5737,17.4664,27198.4602,16.7112,18620.3158
20191015,603976.SH,19.9901,20.7846,19.9901,20.3079,20.0298,0.27809999999999846,1.3884,24314.08,49498.014,6.3483,1.48,19.7955,18319.064,19.6584,23440.704,19.79,30122.3146,19.6123,31427.0595,19.2264,32207.9297,17.5416,27417.1348,16.7267,18705.0465
20191016,603976.SH,20.3079,20.7548,20.0696,20.1987,20.3079,-0.1092000000000013,-0.5377,19293.98,39438.501,5.0376,1.05,19.9206,18454.156,19.6237,21610.842,19.8052,26795.4615,19.6175,29547.0114,19.3042,31155.8757,17.6154,27604.2287,16.7411,18746.2313
20191017,603976.SH,20.1987,21.2513,20.1987,20.9832,20.1987,0.7845000000000013,3.8839,32102.03,67438.096,8.3817,1.74,20.2165,21107.682,19.7557,20507.045,19.8771,26230.2654,19.6955,29228.4643,19.4194,31181.4167,17.7026,28043.0412,16.764,18880.1998
20191018,603976.SH,21.2016,22.721,21.152,21.9266,20.9832,0.9434000000000005,4.496,53514.33,118207.287,13.9724,2.54,20.6892,29622.468,20.0417,22623.118,19.9764,26101.3369,19.8185,30040.899,19.5638,32345.2543,17.7996,28584.1805,16.7949,19236.149
20191021,603976.SH,22.0954,23.2175,21.2811,22.3933,21.9266,0.46669999999999945,2.1285,52608.93,115998.821,13.736,1.78,21.1619,36366.67,20.3724,26417.191,20.1184,27256.4392,19.9669,30932.8386,19.7269,33582.4153,17.9064,29160.9645,16.8322,19573.1834
20191022,603976.SH,22.2344,23.0388,21.5591,22.6316,22.3933,0.23829999999999885,1.0642,48615.57,109295.187,12.6934,1.34,21.6267,41226.968,20.7111,29773.016,20.3468,27677.6369,20.132,31949.7705,19.8981,34733.1423,18.0148,29553.5795,16.8737,19899.1565
20191023,603976.SH,22.5423,23.5949,22.2046,23.1679,22.6316,0.5363000000000007,2.3697,45123.44,104253.001,11.7816,1.09,22.2205,46392.86,21.0706,32423.508,20.6623,28659.9323,20.3282,33286.9343,20.0851,35687.8303,18.1053,29362.8542,16.914,20150.1093
20191024,603976.SH,23.3665,23.4757,22.1947,22.5423,23.1679,-0.6255999999999986,-2.7003,56294.61,128451.964,14.6984,1.21,22.5323,51231.376,21.3744,36169.529,20.9282,31861.9638,20.489,34649.1252,20.1927,35513.4063,18.1897,29179.9918,16.96,20489.8128
20191025,603976.SH,22.2443,23.3268,21.5691,22.2642,22.5423,-0.278100000000002,-1.2337,66527.87,148784.608,17.3702,1.3,22.5999,53834.084,21.6445,41728.276,21.1604,35821.2369,20.637,36460.5167,20.2642,35747.7103,18.2703,29659.1608,17.0033,20950.2383
20191028,603976.SH,22.0457,22.0457,20.864,21.4002,22.2642,-0.8639999999999972,-3.8807,36632.62,78275.669,9.5647,0.68,22.4012,50638.822,21.7816,43502.746,21.3009,37206.9369,20.7037,35226.6857,20.3122,35689.3877,18.3448,29879.1782,17.039,21163.4944
20191029,603976.SH,21.4002,21.4797,21.0328,21.4102,21.4002,0.00999999999999801,0.0467,27029.84,57683.208,7.0574,0.53,22.157,46321.676,21.8918,43774.322,21.4476,37837.3554,20.7685,34635.2695,20.3562,34631.216,18.416,29966.705,17.0719,21283.8314
20191030,603976.SH,21.4102,21.5591,21.1818,21.3804,21.4102,-0.02979999999999805,-0.1392,17723.2,38133.108,4.6275,0.38,21.7995,40841.628,22.01,43617.244,21.5874,38359.1092,20.8039,32851.1171,20.4241,33928.9387,18.4889,29965.2993,17.1191,21288.4263
20191031,603976.SH,21.4002,21.9464,21.4002,21.5889,21.3804,0.20849999999999724,0.9752,17839.0,38874.229,4.6577,0.44,21.6088,33150.506,22.0706,42190.941,21.7073,38278.4231,20.8536,31910.4695,20.4989,33308.4653,18.5694,30045.932,17.1677,21346.7161
20191101,603976.SH,21.6485,21.8372,21.4002,21.7478,21.5889,0.1589000000000027,0.736,19497.0,42622.867,5.0906,0.59,21.5055,23744.332,22.0527,38789.208,21.8181,37907.8785,20.9529,30784.6124,20.5813,32829.092,18.653,30140.5098,17.2206,21451.1794
20191104,603976.SH,21.7875,22.1649,21.7677,22.1649,21.7478,0.4170999999999978,1.9179,19070.07,42147.399,4.9791,0.8,21.6584,20231.822,22.0298,35435.322,21.9693,37890.6546,21.1004,30152.0633,20.6813,32556.0943,18.7531,30174.3898,17.2761,21547.1221
20191105,603976.SH,22.1649,22.8004,22.0755,22.3039,22.1649,0.13899999999999935,0.6271,14379.4,32337.738,3.7544,0.71,21.8372,17701.734,21.9971,32011.705,22.0709,36527.3754,21.2537,30138.311,20.7898,32467.3077,18.8632,30232.1765,17.3298,21574.9221
20191106,603976.SH,22.3238,22.4727,22.145,22.1848,22.3039,-0.11909999999999954,-0.534,14068.2,31539.35,3.6732,0.79,21.9981,16970.734,21.8988,28906.181,22.0908,33493.0577,21.3936,30091.21,20.8905,32013.2943,18.9881,30062.8215,17.3827,21624.6071
20191107,603976.SH,22.1947,22.572,22.0557,22.4429,22.1848,0.25810000000000244,1.1634,16081.8,36025.978,4.1989,0.95,22.1689,16619.294,21.8888,24884.9,22.0946,30683.2785,21.5303,29970.4138,21.0,31599.7327,19.1199,30158.2515,17.439,21694.1471
20191108,603976.SH,22.5423,22.6316,22.2543,22.4529,22.4429,0.00999999999999801,0.0446,13183.8,29762.876,3.4423,0.79,22.3099,15356.654,21.9077,19550.493,22.0809,27957.7577,21.6707,29701.3376,21.0818,29954.4237,19.2541,30087.5815,17.4936,21731.3258
20191111,603976.SH,22.4529,22.5621,22.2841,22.5224,22.4529,0.06950000000000145,0.3095,10588.2,23914.661,2.7645,0.69,22.3814,13660.28,22.0199,16946.051,22.0312,25301.2008,21.8117,29684.5662,21.1642,28992.3777,19.3989,29935.2997,17.5474,21727.7146
20191112,603976.SH,22.5323,23.2175,22.4926,23.2175,22.5224,0.6951,3.0863,47572.34,109959.892,12.421,3.48,22.5641,20298.868,22.2006,19000.301,22.0832,24630.2569,21.9635,31050.491,21.2503,28738.4423,19.5499,30544.2187,17.6132,22009.4424
20191113,603976.SH,23.2672,24.0318,23.1679,23.9027,23.2175,0.6851999999999983,2.9512,45446.16,108089.05,11.8659,2.24,22.9077,26574.46,22.4529,21772.597,22.2092,23008.5869,22.1346,32056.7805,21.3622,29000.2277,19.7147,31192.102,17.6868,22331.5775
20191114,603976.SH,23.9027,24.3297,23.6445,23.8928,23.9027,-0.009899999999998244,-0.0414,30305.34,72808.46,7.9126,1.14,23.1977,29419.168,22.6833,23019.231,22.4009,22521.8731,22.3105,32581.131,21.5032,28572.4057,19.8762,31477.0843,17.7585,22509.0487
20191115,603976.SH,23.9027,25.2731,23.7836,25.0944,23.8928,1.2015999999999991,5.0291,40583.0,99492.396,10.5961,1.38,23.726,34899.008,23.0179,25127.831,22.6843,23564.4238,22.5063,32984.9867,21.7041,28846.719,20.0548,31939.5877,17.8418,22778.582
20191118,603976.SH,25.154,27.1599,25.1242,27.0606,25.0944,1.9662000000000006,7.8352,61912.46,163668.056,16.1652,1.77,24.6336,45163.86,23.5075,29412.07,23.1213,26963.5977,22.7508,33384.8976,21.9699,30421.5277,20.2673,32749.232,17.9428,23237.8033
20191119,603976.SH,27.3585,29.4837,27.3585,28.5303,27.0606,1.4696999999999996,5.4311,71683.89,205516.062,18.7165,1.59,25.6962,49986.17,24.1301,35142.519,23.6552,31105.5123,23.043,34293.229,22.2794,32309.08,20.4934,33556.2235,18.0556,23782.2909
20191120,603976.SH,28.8581,31.3804,28.3019,31.3804,28.5303,2.850100000000001,9.9897,88421.45,266940.135,23.0866,1.77,27.1917,58581.228,25.0497,42577.844,24.3962,36407.3931,23.4596,36188.7471,22.673,34635.8443,20.742,33912.639,18.1887,24445.6875
20191121,603976.SH,31.5889,33.6843,31.3903,32.8501,31.3804,1.469699999999996,4.6835,109336.29,360123.847,28.5474,1.87,28.9832,74387.418,26.0904,51903.293,25.2181,43350.9485,23.9207,39246.5019,23.1179,37652.574,21.0154,35074.9273,18.3351,25299.657
20191122,603976.SH,32.5125,32.721,29.5631,29.5631,32.8501,-3.286999999999999,-10.0061,47398.03,144639.652,12.3755,0.64,29.8769,75750.424,26.8014,55324.716,25.7765,45890.8431,24.255,38822.8552,23.4512,38867.8283,21.2284,35462.609,18.453,25640.1489
20191125,603976.SH,26.6038,26.6038,26.6038,26.6038,29.5631,-2.959299999999999,-10.0101,3476.0,9312.204,0.9076,0.05,29.7855,64063.132,27.2096,54613.496,26.1165,45076.0585,24.4617,35820.3852,23.6704,38354.0977,21.3923,35191.8357,18.5474,25613.0223
20191126,603976.SH,23.9425,28.9872,23.9425,26.6138,26.6038,0.010000000000001563,0.0376,132546.03,326533.004,34.6074,2.07,29.4022,76235.56,27.5492,63110.865,26.4373,54034.8454,24.7099,40387.6905,23.8806,41961.8293,21.5535,37084.8795,18.6388,26633.2428
20191127,603976.SH,25.2831,25.3129,24.1609,24.5979,26.6138,-2.015900000000002,-7.5746,47202.9,117456.313,12.3245,0.62,28.0457,67991.85,27.6187,63286.539,26.6023,56651.6992,24.8617,41348.3124,24.0272,42892.1267,21.6657,37024.0012,18.7187,26928.747
20191128,603976.SH,24.4191,24.6574,24.1013,24.2304,24.5979,-0.3674999999999997,-1.494,46938.15,114844.977,12.2554,0.69,26.3218,55512.222,27.6525,64949.82,26.7337,59447.8492,24.9974,42739.5005,24.1354,43386.664,21.7774,37284.0403,18.7931,27238.4421
20191129,603976.SH,24.1311,24.429,23.8431,24.1709,24.2304,-0.059499999999999886,-0.2456,28736.6,69803.612,7.503,0.52,25.2434,51779.936,27.5601,63765.18,26.807,57998.9462,25.1204,43258.4338,24.2102,42560.7397,21.887,37452.997,18.8677,27424.6203
20191202,603976.SH,24.1311,24.3993,23.8034,24.1808,24.1709,0.009900000000001796,0.041,36754.4,89252.569,9.5965,0.71,24.7588,58435.616,27.2721,61249.374,26.8284,57330.3492,25.2363,44080.2148,24.2698,42032.2553,21.9984,37807.3353,18.9501,27638.0987
20191203,603976.SH,24.3397,25.3029,24.0815,24.9256,24.1808,0.7447999999999979,3.0801,58186.2,144835.044,15.1922,1.0,24.4211,43563.65,26.9117,59899.605,26.9079,59475.0308,25.3677,45942.8876,24.3463,42351.2763,22.1222,38542.2093,19.0357,28054.6003
20191204,603976.SH,24.9554,24.9554,24.0219,24.1013,24.9256,-0.8243000000000009,-3.307,40670.51,99527.917,10.6189,0.93,24.3218,42257.172,26.1838,55124.511,26.8315,59481.7623,25.4533,47194.8452,24.3774,42202.8453,22.2313,38945.3378,19.1075,28247.1813
20191205,603976.SH,24.3099,24.578,23.8332,24.012,24.1013,-0.08929999999999794,-0.3705,38688.91,93623.218,10.1016,0.92,24.2781,40607.324,25.3,48059.773,26.597,57695.3354,25.5403,48367.26,24.4264,41615.9887,22.3095,38564.6975,19.1796,28505.5166
20191206,603976.SH,24.0616,24.2602,23.8332,24.0914,24.012,0.07939999999999969,0.3307,24059.79,58013.762,6.2819,0.59,24.2622,39671.962,24.7528,45725.949,26.2555,54031.9431,25.6188,48747.1643,24.4873,40200.386,22.3757,37974.0482,19.2516,28641.5403
20191209,603976.SH,24.0815,24.2404,23.8531,23.9325,24.0914,-0.15889999999999915,-0.6596,19370.6,46706.453,5.0576,0.49,24.2126,36195.202,24.4857,47315.409,25.6826,48720.3392,25.6893,49041.7738,24.5717,39624.9853,22.4419,37657.1865,19.3241,28741.4239
20191210,603976.SH,23.9325,24.1311,23.8233,23.9425,23.9325,0.00999999999999801,0.0418,23393.51,56337.419,6.108,0.65,24.0159,29236.664,24.2185,36400.157,24.9974,42109.3562,25.7569,49651.5505,24.6561,39503.7743,22.5062,37067.4952,19.3963,28889.4848
20191211,603976.SH,23.9623,24.151,23.7736,23.9325,23.9425,-0.00999999999999801,-0.0418,26164.1,63077.83,6.8314,0.89,23.9822,26335.382,24.152,34296.277,24.5643,40475.9769,25.7909,48632.1105,24.7412,39785.1377,22.5826,36857.0382,19.4627,28929.3643
20191212,603976.SH,23.9822,24.151,23.8431,23.9425,23.9325,0.00999999999999801,0.0418,27241.32,65757.893,7.1126,1.03,23.9683,24045.864,24.1232,32326.594,24.3595,42304.0785,25.7928,47765.2133,24.8196,40098.5483,22.6593,36703.5068,19.53,28998.5743
20191213,603976.SH,23.9425,23.9822,23.7836,23.8332,23.9425,-0.10929999999999751,-0.4565,22824.6,54847.71,5.9594,0.95,23.9166,23798.826,24.0894,31735.394,24.1457,33863.9685,25.79,47408.9876,24.8892,40209.4683,22.7352,36519.2802,19.5956,29057.4217
20191216,603976.SH,23.8332,23.9325,23.3466,23.6048,23.8332,-0.2284000000000006,-0.9583,33389.71,79345.914,8.718,1.4,23.8511,26602.648,24.0318,31398.925,24.0693,32801.4154,25.7191,47066.45,24.9372,40686.7897,22.8092,36621.442,19.6583,29237.187
20191217,603976.SH,23.6545,24.1709,23.2572,23.4062,23.6048,-0.19860000000000255,-0.8414,36673.0,86951.221,9.5752,1.38,23.7438,29258.546,23.8799,29247.605,24.0059,32011.7885,25.545,45864.571,24.9739,41429.9097,22.8819,36948.6087,19.721,29481.3753
20191218,603976.SH,23.3963,24.1411,22.9991,23.8332,23.4062,0.42700000000000315,1.8243,55695.6,130735.305,14.542,1.9,23.724,35164.846,23.8531,30750.114,23.9799,34085.5577,25.3214,45103.2238,25.0288,42817.4897,22.9597,37415.392,19.7879,29861.2369
20191219,603976.SH,23.7339,26.1172,23.3863,25.6207,23.8332,1.7874999999999979,7.5,94856.4,234352.219,24.7667,2.7,24.0596,48687.862,24.0139,36366.863,24.0906,38554.9423,25.0471,45409.65,25.1348,45443.3097,23.0674,38521.5212,19.8698,30611.2978
20191220,603976.SH,25.8988,26.1073,23.0586,23.0586,25.6207,-2.562100000000001,-10.0001,238753.46,589166.529,62.3378,4.9,23.9047,91873.634,23.9107,57836.23,23.947,52444.7315,24.5808,51572.3724,25.155,52962.2983,23.1184,41458.361,19.9289,32537.3181
20191223,603976.SH,20.7548,20.7548,20.7548,20.7548,23.0586,-2.303799999999999,-9.9911,9202.0,19232.18,2.4026,0.1,23.3347,87036.092,23.5929,56819.37,23.6896,50024.0769,24.1614,49753.5138,25.096,52916.0917,23.1301,40954.2347,19.9698,32533.7948
20191224,603976.SH,18.6793,18.6793,18.6793,18.6793,20.7548,-2.075499999999998,-10.0001,8495.0,15979.095,2.218,0.1,22.3893,81400.492,23.0666,55329.519,23.2794,47701.4685,23.784,49992.5138,24.9448,51613.5137,23.0975,40175.978,19.9903,32480.0631
20191225,603976.SH,17.5373,19.5333,17.5373,18.858,18.6793,0.1786999999999992,0.9567,116066.74,215819.055,30.3047,1.43,21.3943,93474.72,22.5591,64319.783,22.8768,54778.9262,23.4147,49207.7857,24.7766,53967.533,23.0694,41483.8803,20.012,33359.8126
20191226,603976.SH,17.8948,18.5502,17.8848,18.2324,18.858,-0.6256000000000022,-3.3174,71928.63,131794.053,18.7804,0.77,19.9166,88889.166,21.9881,68788.514,22.4384,58821.8515,23.1116,50385.2014,24.5879,55354.976,23.0456,41963.6908,20.0321,33875.0207
20191227,603976.SH,18.3119,18.5204,17.726,17.7855,18.2324,-0.4468999999999994,-2.4511,59507.8,108244.866,15.5373,0.67,18.862,53040.034,21.3833,72456.834,21.9647,61599.8738,22.8047,50983.7562,24.3443,55985.8027,23.0242,42416.2608,20.049,34313.5685
20191230,603976.SH,17.7657,17.7657,16.6833,17.3883,17.7855,-0.397199999999998,-2.2333,53835.4,93137.688,14.0563,1.01,18.1887,61966.714,20.7617,74501.403,21.4613,63728.4354,22.4817,52178.9371,24.0219,55716.5673,22.9959,43069.0475,20.0616,34719.0435
20191231,603976.SH,17.3486,17.8551,17.2791,17.3188,17.3883,-0.06950000000000145,-0.3997,40509.09,71393.146,10.5768,0.65,17.9166,68369.532,20.153,74885.012,20.9518,64749.0331,22.155,52357.7319,23.6482,54677.4073,22.9638,43493.2437,20.077,34987.0674
20200102,603976.SH,17.4181,17.6664,17.3287,17.6564,17.3188,0.3376000000000019,1.9493,42981.6,75759.541,11.2224,0.63,17.6763,53752.504,19.5353,73613.612,20.4767,66299.5715,21.8088,51633.7033,23.1907,53162.7457,22.9319,43899.295,20.0959,35301.5191
20200103,603976.SH,17.6465,17.7458,17.3784,17.4479,17.6564,-0.2085000000000008,-1.1809,37992.54,67054.709,9.9197,0.71,17.5194,46965.286,18.718,67927.226,20.0031,66653.6354,21.492,51506.181,22.6773,50784.6207,22.8976,44218.5973,20.1134,35586.3436
20200106,603976.SH,17.3287,17.5671,17.3089,17.3982,17.4479,-0.04970000000000141,-0.2848,27574.0,48395.752,7.1995,0.59,17.4419,40578.526,18.152,46809.28,19.5409,65953.7123,21.177,50976.8995,22.2718,50123.8197,22.8615,44495.824,20.1287,35749.9086
20200107,603976.SH,17.4082,17.8153,17.3982,17.7855,17.3982,0.38729999999999976,2.2261,40256.34,71307.764,10.5108,0.99,17.5214,37862.714,17.855,49914.714,19.0757,64766.0769,20.8768,51748.1638,21.9779,51349.831,22.8241,44851.9643,20.1453,36025.2123
20200108,603976.SH,17.7855,17.8253,17.3585,17.428,17.7855,-0.35749999999999815,-2.0101,33556.8,59396.008,8.7616,0.89,17.5432,36472.256,17.7299,52420.894,18.4455,60050.7231,20.567,52423.6971,21.6717,48050.19,22.7761,45006.0097,20.1588,36211.5723
20200109,603976.SH,17.4678,18.2324,17.4678,17.9742,17.428,0.5461999999999989,3.134,51334.0,92337.75,13.4032,1.41,17.6068,38142.736,17.6415,45947.62,18.0544,45633.8415,20.2828,53754.1967,21.4509,48187.8933,22.739,45540.01,20.1772,36572.1193
20200110,603976.SH,17.8749,18.0835,17.7359,18.0338,17.9742,0.05959999999999965,0.3316,35331.2,63788.188,9.2249,0.93,17.7239,37610.468,17.6217,42287.877,17.8451,47643.78,20.0019,54190.7252,21.2443,47800.995,22.6899,45593.8295,20.1962,36818.4353
20200113,603976.SH,18.0139,18.3615,17.8749,18.0437,18.0338,0.009900000000001796,0.0549,33308.6,60557.704,8.6968,0.89,17.853,38757.388,17.6475,39667.957,17.7962,49552.5185,19.721,54479.6433,21.0401,47953.395,22.6252,45257.0673,20.2124,36920.6239
20200114,603976.SH,18.0537,18.0735,17.8749,17.8749,18.0437,-0.16880000000000095,-0.9355,29096.8,52522.342,7.5971,0.75,17.8709,36525.48,17.6961,37194.097,17.7206,42862.5231,19.4373,54778.3195,20.8299,47698.1417,22.5499,44865.1985,20.2281,37013.0815
20200115,603976.SH,17.8253,17.8253,17.3982,17.5174,17.8749,-0.3575000000000017,-2.0,25151.34,44529.415,6.5669,0.69,17.8888,34844.388,17.716,35658.322,17.6656,39264.27,19.1474,54386.0162,20.583,46596.9797,22.4646,44474.128,20.2397,37013.8538
20200116,603976.SH,17.4578,17.7955,17.4578,17.6167,17.5174,0.09930000000000305,0.5669,19598.01,34730.145,5.117,0.56,17.8173,28497.19,17.712,33319.963,17.6526,36194.2862,18.8717,53572.9214,20.3668,45894.563,22.3721,44048.7042,20.2387,36705.7792
20200117,603976.SH,17.7359,17.7359,17.4181,17.428,17.6167,-0.18870000000000076,-1.0711,16520.2,29166.848,4.3134,0.58,17.6961,24734.99,17.71,31172.729,17.6557,33323.8862,18.5667,51707.4262,20.1473,45155.606,22.2869,43385.7973,20.2383,36282.8946
20200120,603976.SH,17.4181,17.6564,17.2989,17.6068,17.428,0.17879999999999896,1.0259,20712.0,36492.962,5.4078,0.84,17.6088,22215.67,17.7309,30486.529,17.6778,31801.0331,18.1851,48176.7405,19.9312,45044.013,22.2092,42622.1995,20.2398,36140.6802
20200121,603976.SH,17.6564,18.5204,17.6564,18.3119,17.6068,0.7051000000000016,4.0047,64604.17,118477.054,16.868,2.91,17.6962,29317.144,17.7835,32921.312,17.7282,33464.3077,17.9591,39883.9171,19.7438,46551.7987,22.1578,43088.392,20.2513,36483.7851
20200122,603976.SH,18.3019,18.3019,17.5075,17.5869,18.3119,-0.7250000000000014,-3.9592,38324.01,68302.477,10.0063,1.31,17.7101,31951.678,17.7994,33398.033,17.7389,33489.8054,17.8082,41270.6795,19.532,47049.482,22.094,43276.6282,20.255,36621.6666
20200123,603976.SH,17.4479,17.5273,16.0378,16.3853,17.5869,-1.2015999999999991,-6.8324,32700.6,55548.887,8.538,1.02,17.4638,34572.196,17.6405,31534.693,17.661,33884.1592,17.699,42423.3271,19.2804,47267.3653,22.0108,43526.2515,20.2499,36745.7754
20200203,603976.SH,14.7468,14.7468,14.7468,14.7468,16.3853,-1.6385000000000005,-9.9998,6217.0,9232.245,1.6232,0.18,16.9275,32511.556,17.3118,28623.273,17.4273,31265.7485,17.5032,37192.3871,18.9739,46566.5547,21.8968,43332.5515,20.2331,36689.2418
20200204,603976.SH,13.8431,16.2066,13.4558,16.008,14.7468,1.2611999999999988,8.5524,44466.47,67235.63,11.6101,1.37,16.6078,37262.45,17.1083,29739.06,17.318,32104.9538,17.3973,35884.6652,18.713,47287.9503,21.8011,43748.7093,20.227,36944.6096
20200205,603976.SH,15.9683,16.8024,15.72,16.3357,16.008,0.3277000000000001,2.0471,38376.6,62928.472,10.02,1.03,16.2125,32016.936,16.9543,30667.04,17.192,31108.2308,17.3282,34878.4176,18.4707,47454.18,21.7039,44070.4848,20.2285,37122.4373
20200206,603976.SH,16.4052,17.2692,16.0676,16.9911,16.3357,0.6554000000000002,4.0121,45351.02,76965.125,11.841,1.42,16.0934,33422.338,16.9017,32687.008,17.1118,31878.9862,17.3093,34474.3995,18.2569,47743.4473,21.6154,44586.6785,20.2393,37409.4275
20200207,603976.SH,16.8918,17.3287,16.2463,16.9414,16.9911,-0.04969999999999786,-0.2925,41913.6,70783.167,10.9435,1.25,16.2046,35264.938,16.8342,34918.567,17.027,32540.9092,17.2914,34541.281,18.0272,47284.0473,21.528,45050.7685,20.2581,37556.795
20200210,603976.SH,16.8421,16.8421,16.4449,16.5144,16.9414,-0.42700000000000315,-2.5205,30836.16,51356.203,8.0512,0.87,16.5581,40188.77,16.7428,36350.163,16.9223,32674.7062,17.237,33962.9267,17.7236,45150.0393,21.4292,45296.6745,20.2745,37727.463
20200211,603976.SH,16.3258,16.5343,15.9683,16.1569,16.5144,-0.35749999999999815,-2.1648,27244.66,44280.008,7.1135,0.68,16.5879,36744.408,16.5978,37003.429,16.8177,32835.7308,17.1755,33451.1229,17.4936,38099.746,21.3243,45531.0222,20.2892,37809.3018
20200212,603976.SH,16.1569,16.2562,15.9881,16.1569,16.1569,0.0,0.0,16316.11,26544.101,4.2601,0.44,16.5521,32332.31,16.3823,32174.623,16.7054,32583.2769,17.1164,32915.0329,17.3403,38336.883,21.2182,45626.4873,20.3085,37780.8935
20200213,603976.SH,16.147,16.1569,15.5412,15.6405,16.1569,-0.5164000000000009,-3.1962,26536.99,42143.486,6.9287,0.82,16.282,28569.504,16.1877,30995.921,16.5679,33353.7992,17.0143,32261.7305,17.239,38938.2827,21.0919,45275.8982,20.3209,37910.0584
20200214,603976.SH,15.5412,15.9484,15.4916,15.6902,15.6405,0.04970000000000141,0.3178,16771.26,26647.304,4.3789,0.59,16.0318,23541.036,16.1182,29402.987,16.4205,33050.6654,16.9315,31462.419,17.1334,35628.4333,20.955,44797.9832,20.3349,37995.0426
20200217,603976.SH,15.859,16.3258,15.8292,16.3158,15.6902,0.6255999999999986,3.9872,25651.71,41756.665,6.6976,1.09,15.9921,22504.146,16.2751,31346.458,16.2669,30054.3223,16.8525,30239.4529,17.0695,34085.8693,20.8287,44720.4227,20.3525,38098.7535
20200218,603976.SH,16.435,16.723,16.3456,16.7031,16.3158,0.38729999999999976,2.3738,34047.31,56775.951,8.8897,1.51,16.1013,23864.676,16.3446,30304.542,16.1989,29725.3454,16.7892,30178.3152,17.0335,33237.1863,20.6889,44611.4945,20.3718,38275.5411
20200219,603976.SH,16.8123,16.9216,16.4946,16.5144,16.7031,-0.18870000000000076,-1.1297,29602.09,49673.103,7.729,1.24,16.1728,26521.872,16.3625,29427.091,16.2089,29486.9985,16.7163,30001.8148,17.0043,32429.4093,20.5131,44072.9883,20.3902,38411.1102
20200220,603976.SH,16.5144,16.6634,16.3953,16.6435,16.5144,0.1291000000000011,0.7817,27172.81,45286.559,7.0947,1.02,16.3734,26649.036,16.3277,27609.27,16.3548,31098.9838,16.6577,29910.1962,16.9818,31984.8667,20.315,43331.137,20.4042,38443.6803
20200221,603976.SH,16.6435,16.9414,16.5542,16.8819,16.6435,0.23840000000000217,1.4324,37994.59,64186.363,9.9203,1.43,16.6117,30893.702,16.3218,27217.369,16.422,30601.1469,16.6274,30521.7795,16.956,31818.633,20.0734,42490.6893,20.4077,38201.6642
20200224,603976.SH,16.8421,18.3714,16.8024,17.9444,16.8819,1.0625,6.2937,63059.92,112883.724,16.4648,2.04,16.9375,38375.344,16.4648,30439.745,16.5457,32499.8638,16.643,32591.3943,16.9725,32654.2123,19.8249,41719.4165,20.4202,38397.1719
20200225,603976.SH,17.5472,19.6425,17.2791,19.2652,17.9444,1.3207999999999984,7.3605,102745.23,192447.547,26.8265,2.68,17.4499,52114.928,16.7756,37989.802,16.7207,36914.8031,16.7305,36697.3481,17.0348,35159.92,19.6533,42641.8698,20.4409,39052.2394
20200226,603976.SH,18.868,18.9971,17.9742,18.0537,19.2652,-1.211500000000001,-6.2885,61517.3,115109.692,16.062,1.18,17.7577,58497.97,16.9653,42509.921,16.8062,38422.78,16.7518,38640.4576,17.0437,35868.6187,19.5108,43609.2248,20.4515,39400.5303
20200227,603976.SH,18.0338,18.2225,17.3784,17.577,18.0537,-0.47669999999999746,-2.6405,39007.68,69501.48,10.1848,0.67,17.9444,60864.944,17.1589,43756.99,16.888,39051.3585,16.7168,37421.5771,17.0487,36050.3147,19.3602,42050.2523,20.4568,39567.5659
20200228,603976.SH,16.9812,17.2989,16.3953,16.4846,17.577,-1.0924000000000014,-6.2149,33093.89,56100.058,8.6407,0.54,17.865,59884.804,17.2384,45389.253,16.9132,39501.2992,16.6643,37172.5238,16.999,35442.311,19.225,41815.1022,20.4453,39419.5517
20200302,603976.SH,16.4846,17.0308,16.4846,16.9117,16.4846,0.42709999999999937,2.5909,25778.92,43706.567,6.7308,0.43,17.6584,52428.604,17.2979,45401.974,16.9712,40229.2077,16.6894,36842.92,16.9616,35123.9017,19.103,41462.4483,20.4402,39373.2443
20200303,603976.SH,17.0805,17.7557,17.0805,17.3982,16.9117,0.4864999999999995,2.8767,33391.88,58305.068,8.7185,0.64,17.285,38557.934,17.3675,45336.431,17.1064,40756.5069,16.8156,38136.9619,16.9401,35126.6777,18.9901,41540.0363,20.4385,39496.5167
20200304,603976.SH,17.1599,17.6267,16.9315,17.3883,17.3982,-0.009899999999998244,-0.0569,23715.64,41300.457,6.1921,0.62,17.152,30997.602,17.4548,44747.786,17.2371,41290.69,16.8814,37148.8271,16.9239,34947.3057,18.8769,41322.7237,20.4376,39565.0295
20200305,603976.SH,17.5571,18.1331,17.4082,18.004,17.3883,0.6157000000000004,3.5409,39048.64,69633.095,10.1955,1.26,17.2374,31005.794,17.5909,45935.369,17.3669,42321.2231,16.9608,37180.829,16.9401,35410.549,18.7615,41003.7643,20.4419,39772.9868
20200306,603976.SH,17.8352,18.3218,17.4777,17.8352,18.004,-0.16880000000000095,-0.9376,36570.96,66154.016,9.5486,1.18,17.5075,31701.208,17.6862,45793.006,17.454,42515.35,17.001,36762.731,16.9474,35976.314,18.6571,40935.4385,20.4442,39940.3882
20200309,603976.SH,17.8054,17.8054,16.9315,16.9812,17.8352,-0.8539999999999992,-4.7883,30637.59,53459.03,7.9994,0.97,17.5214,32672.942,17.5899,42550.773,17.4899,42595.0038,17.0029,36225.7781,16.9325,36446.8937,18.5399,40801.2498,20.4247,39682.9737
20200310,603976.SH,16.574,16.9812,16.0179,16.9613,16.9812,-0.019899999999999807,-0.1172,29820.3,49701.273,7.786,0.91,17.434,31958.626,17.3595,35258.28,17.5144,42798.6569,17.0242,36177.4038,16.911,36750.5037,18.4211,40897.2583,20.3984,39435.6533
20200311,603976.SH,17.0308,17.3585,16.8421,16.8719,16.9613,-0.08940000000000126,-0.5271,21518.8,37006.319,5.6185,0.67,17.3307,31519.258,17.2413,31258.43,17.5136,41531.2885,17.0582,35904.7438,16.863,35314.3247,18.3034,40933.0617,20.3727,39295.1241
20200312,603976.SH,16.6336,16.7826,16.286,16.4946,16.8719,-0.37730000000000175,-2.2363,19369.0,32201.957,5.0572,0.61,17.0288,27583.33,17.1331,29294.562,17.4021,38170.4485,17.0743,36050.1195,16.8266,34682.491,18.1793,40865.9865,20.3427,38966.7408
20200313,603976.SH,15.7101,16.1371,15.4916,15.9683,16.4946,-0.5262999999999991,-3.1907,22637.39,36102.3,5.9106,0.82,16.6555,24796.616,17.0815,28248.912,17.1485,32008.3069,17.0899,35864.4243,16.8127,34347.0507,18.0465,40807.208,20.3146,38832.1231
20200316,603976.SH,16.1867,16.286,15.2334,15.3228,15.9683,-0.6454999999999984,-4.0424,20682.2,32968.823,5.4001,0.83,16.3238,22805.538,16.9226,27739.24,16.9384,28867.1454,17.0724,36050.6595,16.8319,34829.224,17.9029,40697.8893,20.2811,38700.6981
20200317,603976.SH,15.3923,15.581,14.5978,14.9553,15.3228,-0.3675000000000015,-2.3984,18401.1,27671.354,4.8045,0.81,15.9226,20521.698,16.6783,26240.162,16.7367,27282.0238,17.0076,35705.3924,16.7968,33960.3783,17.7549,40624.1643,20.2451,38571.7223
20200318,603976.SH,15.0646,15.4419,14.856,14.866,14.9553,-0.08929999999999971,-0.5971,15848.5,24149.623,4.138,0.77,15.5214,19387.638,16.4261,25453.448,16.6122,25955.4554,16.9202,34838.7824,16.7478,33209.4417,17.6093,40331.8108,20.2092,38476.6264
20200319,603976.SH,14.7965,14.9851,14.4092,14.9256,14.866,0.05959999999999965,0.4009,16484.4,24396.859,4.304,0.85,15.2076,18810.718,16.1182,23197.024,16.4594,25240.4923,16.8445,34214.1305,16.6789,32247.221,17.4679,39995.3342,20.1749,38471.9714
20200320,603976.SH,15.0348,15.3426,14.9256,15.3128,14.9256,0.3872,2.5942,15573.2,23744.276,4.0661,0.83,15.0765,17397.88,15.866,21097.248,16.299,23869.8246,16.7811,33661.7681,16.6247,31369.2077,17.3259,39326.6275,20.1428,38371.0098
20200323,603976.SH,14.9057,15.6604,14.9057,15.3228,15.3128,0.010000000000001563,0.0653,20360.0,31487.074,5.3159,1.17,15.0765,17333.44,15.7001,20069.489,16.1401,23611.6985,16.7069,32822.0257,16.5849,31020.0023,17.1543,38085.0208,20.1108,38303.271
20200324,603976.SH,15.3724,15.6803,15.1937,15.5214,15.3228,0.198599999999999,1.2961,14164.6,21972.751,3.6983,0.82,15.1897,16486.14,15.5561,18503.919,15.9492,21697.5415,16.5915,30493.6771,16.5638,30584.0003,17.0287,34341.8732,20.0735,37900.1171
20200325,603976.SH,15.7895,16.0874,15.7101,15.9385,15.5214,0.4170999999999996,2.6873,19127.8,30556.923,4.9942,1.16,15.4042,17142.0,15.4628,18264.819,15.8033,20355.76,16.4331,26511.8948,16.5565,30677.7233,16.9484,34507.3032,20.0393,37730.7689
20200326,603976.SH,15.8888,16.3258,15.7696,16.286,15.9385,0.3475000000000019,2.1803,27673.72,44842.139,7.2255,1.61,15.6763,19379.864,15.4419,19095.291,15.7498,20127.77,16.3489,24900.2957,16.578,30715.6143,16.9085,34826.9485,20.003,37501.4633
20200327,603976.SH,16.4549,16.5343,15.8392,15.9285,16.286,-0.3575000000000017,-2.1951,24377.8,39708.687,6.365,1.26,15.7994,21140.784,15.438,19269.332,15.6703,19709.1162,16.2704,24203.6348,16.5859,30969.1657,16.8597,33298.7995,19.9645,37391.3399
20200330,603976.SH,15.7597,15.8491,15.3128,15.3923,15.9285,-0.5361999999999991,-3.3663,15499.0,24226.92,4.0467,0.73,15.8133,20168.584,15.4449,18751.012,15.5565,19246.0546,16.2184,23365.7829,16.5551,30630.742,16.8123,32358.3057,19.929,37160.9983
20200331,603976.SH,15.5611,15.6405,15.0844,15.1043,15.3923,-0.28800000000000026,-1.8711,11130.2,17185.458,2.9061,0.55,15.7299,19561.704,15.4598,18023.922,15.4496,18612.3008,16.1323,22668.2248,16.5019,29866.8383,16.7677,31552.0123,19.8959,36984.1366
20200401,603976.SH,15.0546,15.3923,15.0447,15.144,15.1043,0.039699999999999847,0.2628,10872.1,16620.015,2.8387,0.56,15.571,17910.564,15.4876,17526.282,15.3862,17707.2785,16.025,21595.8543,16.4562,29242.5053,16.7302,30835.9573,19.8631,36952.5024
20200402,603976.SH,14.9653,15.3526,14.9454,15.3228,15.144,0.17880000000000074,1.1807,9001.1,13748.643,2.3502,0.5,15.3784,14176.04,15.5273,16777.952,15.3862,16808.7323,15.9266,20895.1619,16.4122,28636.7817,16.697,30310.8242,19.8304,36902.0339
20200403,603976.SH,15.3426,15.8193,15.293,15.6803,15.3228,0.35749999999999993,2.3331,19128.8,30140.371,4.9945,1.35,15.3287,13126.24,15.5641,17133.512,15.4419,16864.7092,15.816,19946.5981,16.3721,28007.922,16.664,29913.2775,19.798,36906.2863
20200407,603976.SH,15.7101,16.1073,15.7101,16.0676,15.6803,0.387299999999998,2.47,19288.7,31017.446,5.0362,1.47,15.4638,13884.18,15.6386,17026.382,15.5344,17129.34,15.7318,19123.6333,16.3095,26548.8813,16.641,29601.5468,19.7693,36910.0721
20200408,603976.SH,15.998,16.3456,15.8888,16.1867,16.0676,0.11909999999999954,0.7412,19850.42,32231.441,5.1829,1.43,15.6803,15628.224,15.7051,17594.964,15.6314,17388.2646,15.694,18609.9586,16.2069,23785.721,16.6208,29472.8205,19.7412,36984.3223
20200409,603976.SH,16.1569,16.296,15.8888,15.998,16.1867,-0.18869999999999898,-1.1658,19291.8,31255.65,5.037,1.23,15.8511,17312.164,15.711,17611.364,15.6841,17674.3108,15.6481,18108.6014,16.1384,22378.2043,16.5911,29123.4115,19.7076,36987.6879
20200410,603976.SH,16.1371,16.147,15.3923,15.4022,15.998,-0.5957999999999988,-3.7242,17310.2,27215.973,4.5196,1.0,15.867,18973.984,15.6227,16575.012,15.6902,17439.7108,15.5781,17908.1919,16.0659,21654.955,16.5573,28852.6348,19.6667,36929.3223
20200413,603976.SH,15.4022,15.5313,15.005,15.3228,15.4022,-0.07939999999999969,-0.5155,9785.2,15083.846,2.5549,0.52,15.7955,17105.264,15.5621,15115.752,15.6749,17102.8338,15.5223,17451.8205,16.0272,20877.9987,16.5131,28160.1548,19.6261,36850.0824
20200414,603976.SH,15.2433,15.7299,15.2433,15.6902,15.3228,0.36739999999999995,2.3977,11249.0,17568.555,2.9371,0.66,15.72,15497.324,15.5919,14690.752,15.6558,16496.7723,15.5091,16909.5162,15.9865,20393.668,16.474,27758.7848,19.582,36676.3072
20200415,603976.SH,15.6108,15.9881,15.6108,15.8094,15.6902,0.1191999999999993,0.7597,14018.4,22419.927,3.6602,0.9,15.6445,14330.92,15.6624,14979.572,15.6192,15446.3631,15.5323,16592.1924,15.9335,19747.8853,16.4368,27437.2815,19.531,36347.1744
20200416,603976.SH,15.8094,16.3357,15.6902,16.0874,15.8094,0.2779999999999987,1.7584,22804.8,36808.024,5.9543,1.59,15.6624,15033.52,15.7567,16172.842,15.6314,15325.3631,15.5862,16801.8924,15.8901,19717.524,16.407,27332.4148,19.4784,36098.8067
20200417,603976.SH,16.0974,16.1768,15.6306,15.6703,16.0874,-0.4170999999999996,-2.5927,19554.0,31202.515,5.1055,1.3,15.716,15482.28,15.7915,17228.132,15.6528,15637.2862,15.6245,16978.3448,15.8123,19067.7027,16.3762,27239.1258,19.4204,35856.6269
20200420,603976.SH,15.7796,16.3357,15.5512,16.2364,15.6703,0.5661000000000005,3.6126,29149.93,47223.139,7.611,1.88,15.8987,19355.226,15.8471,18230.245,15.7399,17023.4192,15.6869,17581.4652,15.7591,18820.335,16.3532,27398.3245,19.3627,35723.5143
20200421,603976.SH,16.2662,16.3059,15.8094,16.0775,16.2364,-0.15889999999999915,-0.9787,18509.7,29869.412,4.8328,0.96,15.9762,20807.366,15.8481,18152.345,15.8117,17610.9269,15.7233,17721.2986,15.7289,18416.072,16.3307,27431.4828,19.3088,35408.6401
20200422,603976.SH,16.1669,17.4777,15.9186,16.7627,16.0775,0.6851999999999983,4.2619,38529.5,64316.876,10.0599,1.85,16.1669,25709.586,15.9057,20020.253,15.9224,19882.3423,15.7919,18586.5129,15.7223,18706.3787,16.3166,27728.4412,19.2629,35175.3203
20200423,603976.SH,16.8819,17.1798,16.5045,16.5939,16.7627,-0.1687999999999974,-1.007,34339.2,58069.163,8.9659,1.34,16.2682,28016.466,15.9653,21524.993,15.9927,21052.3731,15.8429,19547.2081,15.713,19133.7253,16.288,27224.025,19.2229,35156.2085
20200424,603976.SH,16.4946,16.5542,15.8491,15.8888,16.5939,-0.7051000000000016,-4.2492,23179.63,37756.433,6.0521,0.83,16.3119,28741.592,16.0139,22111.936,15.9789,21351.6754,15.8406,19740.1524,15.6929,19260.7463,16.2597,26971.6187,19.1769,35124.1234
20200427,603976.SH,15.9285,16.0477,15.4916,15.5611,15.8888,-0.3277000000000001,-2.0625,15227.4,23927.635,3.9758,0.53,16.1768,25957.086,16.0378,22656.156,15.9308,20996.0585,15.8061,19147.4705,15.6793,19013.7467,16.246,26680.3987,19.1284,35103.3251
20200428,603976.SH,15.4221,15.7101,14.5184,14.9355,15.5611,-0.6256000000000004,-4.0203,17431.22,26372.083,4.5512,0.67,15.9484,25741.39,15.9623,23274.378,15.8491,20852.9369,15.7588,18816.681,15.6664,18905.3807,16.2491,26867.3023,19.0729,35099.9269
20200429,603976.SH,14.9057,16.4251,14.9057,16.4251,14.9355,1.4896000000000011,9.9736,35524.51,56976.384,9.2753,1.38,15.8809,25140.392,16.0239,25424.989,15.9278,22254.0377,15.808,19770.2767,15.7154,19476.161,16.2561,26718.2697,19.0286,35233.4895
20200430,603976.SH,16.5939,16.8719,16.4648,16.6932,16.4251,0.26810000000000045,1.6323,47387.61,79565.807,12.3728,1.88,15.9007,27750.074,16.0844,27883.27,16.0332,25146.5308,15.8836,21496.82,15.7763,20527.4647,16.262,26868.4532,18.983,35469.469
20200506,603976.SH,16.9017,16.9712,15.9782,16.3258,16.6932,-0.36739999999999995,-2.2009,46247.23,75905.855,12.075,1.67,15.9881,32363.594,16.15,30552.593,16.0821,27838.7023,15.9399,23181.35,15.8229,21519.559,16.2509,26883.39,18.9332,35735.0343
20200507,603976.SH,16.2364,16.4151,16.008,16.3357,16.3258,0.009899999999998244,0.0606,29271.65,47752.737,7.6427,0.9,16.1431,35172.444,16.1599,30564.765,16.1226,29012.0292,15.9881,24146.6143,15.857,21976.174,16.2408,26672.6908,18.8844,35861.7297
20200508,603976.SH,16.286,17.9742,16.1371,17.9742,16.3357,1.6385000000000005,10.0302,98266.16,172013.813,25.657,2.79,16.7508,51339.432,16.3496,38540.411,16.2677,34816.7492,16.0974,27915.06,15.9454,24573.046,16.2652,27796.5242,18.8472,36546.5993
20200511,603976.SH,19.7716,19.7716,19.7716,19.7716,17.9742,1.7973999999999997,9.9999,19326.85,38479.758,5.0462,0.38,17.4201,48099.9,16.6505,36620.146,16.5832,34799.2762,16.2737,27916.8767,16.0871,24745.121,16.3254,27664.5607,18.8248,36597.7914
20200512,603976.SH,20.8441,21.7478,20.4469,21.7478,19.7716,1.9762000000000022,9.9951,125951.08,270900.989,32.8855,2.62,18.431,63812.594,17.1659,45781.334,17.0071,42245.5185,16.5386,32969.289,16.2807,28305.897,16.4186,29491.8102,18.8184,37559.1488
20200513,603976.SH,23.8233,23.9226,22.87,23.9226,21.7478,2.1747999999999976,10.0001,172493.63,410324.4,45.0376,2.7,19.9504,89061.874,17.9693,60712.734,17.6106,54090.4362,16.9159,40264.6143,16.5353,33133.2273,16.5566,31924.4208,18.8243,38600.1595
20200514,603976.SH,24.1212,26.2165,23.4261,23.6346,23.9226,-0.28800000000000026,-1.2039,249665.33,623585.472,65.1869,2.8,21.4102,133140.61,18.7766,84156.527,18.1392,70331.6538,17.3079,51329.1443,16.7922,40642.8117,16.689,35805.9887,18.822,40301.9859
20200515,603976.SH,22.6316,24.9355,22.2443,24.3297,23.6346,0.6951,2.941,205252.25,486780.109,53.5908,1.54,22.6813,154537.828,19.716,102938.63,18.7343,83478.8115,17.7368,60637.099,17.0901,46967.92,16.8226,38799.331,18.8257,41759.8768
20200518,603976.SH,22.5423,23.6644,21.8968,22.0457,24.3297,-2.283999999999999,-9.3877,180023.09,402879.686,47.0035,1.16,23.1361,186677.076,20.2781,117388.488,19.2079,95543.6931,18.0395,68673.9605,17.3215,52597.683,16.9117,41232.2607,18.8003,42921.8776
20200519,603976.SH,21.7478,24.1311,21.291,23.1282,22.0457,1.0824999999999996,4.9103,160705.27,362894.183,41.9597,0.86,23.4122,193627.914,20.9216,128720.254,19.79,106734.2985,18.388,75659.0495,17.5876,57592.122,17.0219,43417.3137,18.7675,43745.151
20200520,603976.SH,23.2374,25.442,22.6416,25.442,23.1282,2.3138000000000005,10.0042,171378.56,427620.984,44.7464,0.89,23.716,193404.9,21.8332,141233.387,20.5982,118576.4015,18.8334,82733.9905,17.9249,63004.704,17.1685,45820.7428,18.7418,44575.9399
20200521,603976.SH,26.8124,26.8124,23.7339,24.0318,25.442,-1.4101999999999997,-5.5428,169492.48,423593.334,44.254,0.88,23.7955,177370.33,22.6028,155255.47,21.1833,128881.63,19.2316,89873.9181,18.2033,68016.8267,17.2877,48012.3743,18.6805,45251.5318
20200522,603976.SH,22.9593,23.1977,21.6286,21.6286,24.0318,-2.403200000000002,-10.0001,122689.34,273253.166,32.0338,0.69,23.2553,160857.748,22.9683,157697.788,21.5629,134674.0708,19.4884,94328.1757,18.3886,71463.5147,17.3491,49006.198,18.587,45362.8072
20200525,603976.SH,21.867,22.3933,20.8441,22.294,21.6286,0.6654000000000018,3.0765,86641.12,190379.782,22.6217,0.54,23.3049,142181.354,23.2205,164429.215,22.022,137781.2931,19.7844,97572.529,18.5922,73689.8713,17.3996,48737.7962,18.5264,45689.833
20200526,603976.SH,21.8372,22.3436,21.1718,22.3436,22.294,0.04959999999999809,0.2225,83122.18,181650.882,21.703,0.58,23.148,126664.736,23.2801,160146.325,22.4842,141923.6415,20.0502,99695.99,18.8037,75817.5507,17.4711,49097.8775,18.4909,46353.5512
20200527,603976.SH,22.0457,22.0755,20.8441,21.1222,22.3436,-1.2213999999999992,-5.4664,75894.8,163575.227,19.8159,0.6,22.284,107567.984,23.0,150486.442,22.7263,140202.7677,20.2658,101674.8281,18.9944,77770.3707,17.5302,49712.6628,18.4452,45881.4576
20200528,603976.SH,21.0924,21.5194,20.2781,20.3575,21.1222,-0.7646999999999977,-3.6204,59538.34,124805.734,15.5453,0.55,21.5492,85577.156,22.6723,131473.743,22.7714,143295.9592,20.4786,103406.1952,19.1622,79428.8087,17.5947,50153.4037,18.4098,45984.2529
20200529,603976.SH,20.2086,20.6356,20.01,20.288,20.3575,-0.06950000000000145,-0.3414,42069.8,85827.934,10.9843,0.49,21.2811,69453.248,22.2682,115155.498,22.6591,136843.5531,20.7037,104684.4048,19.3155,80456.1687,17.651,50424.9183,18.377,45943.6833
20200601,603976.SH,20.6654,22.3138,20.5164,22.3138,20.288,2.0258000000000003,9.9852,119167.16,263166.035,31.1142,1.72,21.285,75958.456,22.295,109069.905,22.5354,132741.5169,21.055,109528.9733,19.5323,83961.1273,17.7329,51854.5063,18.3615,46697.2713
20200602,603976.SH,22.4231,24.5482,22.3933,24.5482,22.3138,2.234400000000001,10.0135,74639.24,177872.197,19.4881,0.98,21.7259,74261.868,22.437,100463.302,22.6056,119277.9715,21.4418,111391.5795,19.8143,85688.942,17.8522,52703.233,18.3646,47012.9783
20200603,603976.SH,25.6207,26.7131,23.3367,24.2702,24.5482,-0.27800000000000225,-1.1325,134151.98,339616.934,35.0267,1.81,22.3555,85913.304,22.3198,96740.644,22.6011,113808.72,21.8027,115523.2162,20.101,89508.8747,17.9567,54288.2887,18.3591,47646.0265
20200604,603976.SH,24.3993,26.0378,23.4956,25.1143,24.2702,0.844100000000001,3.4779,129491.89,324453.451,33.8099,1.51,23.3069,99904.014,22.428,92740.585,22.8371,109921.7046,22.2212,119487.2476,20.3969,92853.6067,18.078,55836.9708,18.3675,48386.2047
20200605,603976.SH,24.3595,24.9752,23.5353,23.9325,25.1143,-1.181799999999999,-4.7057,89559.13,217753.553,23.3836,0.9,24.0358,109401.88,22.6584,89427.564,22.899,104448.9246,22.5829,122358.08,20.6588,95221.921,18.1938,56818.9965,18.3669,48810.1232
20200608,603976.SH,23.5154,26.3258,23.5154,26.3258,23.9325,2.3933,10.0002,148977.37,385239.103,38.8975,1.36,24.8382,115363.922,23.0616,95661.189,22.967,102725.7562,22.9806,124772.8995,20.9775,98903.5167,18.3499,58804.9477,18.3855,49851.103
20200609,603976.SH,24.8263,26.6038,24.429,25.6902,26.3258,-0.6356000000000002,-2.4144,122081.98,314643.513,31.8752,1.06,25.0666,124852.47,23.3963,99557.169,23.0945,99078.7946,23.2624,129666.001,21.2807,101828.276,18.4969,60481.0007,18.4001,50707.0312
20200610,603976.SH,25.6902,26.3655,24.4489,26.2761,25.6902,0.5858999999999988,2.2806,122722.3,316457.631,32.0424,0.98,25.4678,122566.534,23.9117,104239.919,23.452,99081.33,23.4781,129512.2495,21.627,105146.365,18.6599,62203.5557,18.4196,51534.7711
20200611,603976.SH,26.0179,26.2761,25.1242,25.7498,26.2761,-0.5262999999999991,-2.003,88426.17,227111.584,23.0878,0.72,25.5949,114353.39,24.4509,107128.702,23.7179,99218.6415,23.5651,125509.0371,21.9666,107586.324,18.8229,63300.0353,18.4347,52053.6217
20200612,603976.SH,25.6207,28.3218,25.1738,28.3218,25.7498,2.571999999999999,9.9884,157172.38,439042.004,41.0372,1.37,26.4727,127876.04,25.2543,118638.96,24.1777,104914.8108,23.7883,121104.611,22.4128,112244.3627,19.0396,65574.8717,18.4712,53136.3805
20200615,603976.SH,29.3844,31.0825,28.8084,29.146,28.3218,0.8242000000000012,2.9101,172980.93,517609.755,45.1648,1.35,27.0368,132676.752,25.9375,124020.337,24.7949,112382.9746,24.0176,119567.8814,22.8369,116826.2433,19.2761,68151.2022,18.5155,54387.6832
20200616,603976.SH,28.7587,28.9971,27.6068,28.6197,29.146,-0.5262999999999991,-1.8057,107991.4,308007.967,28.1962,0.81,27.6227,129858.636,26.3446,127355.553,25.4305,116110.1331,24.3307,116137.801,23.2344,118846.3697,19.5053,69686.9172,18.5573,55009.364
20200617,603976.SH,29.3943,30.437,28.5999,28.5999,28.6197,-0.01980000000000004,-0.0692,131688.74,391205.2,34.3835,1.01,28.0874,131651.924,26.7776,127109.229,26.0699,123003.8977,24.5912,114756.0614,23.6435,121694.42,19.7332,71606.9895,18.6006,55801.1618
20200618,603976.SH,27.4281,28.4608,26.6535,26.8124,28.5999,-1.7875000000000014,-6.25,107071.79,294917.867,27.9561,0.81,28.3,135381.048,26.9474,124867.219,26.4159,122073.4846,24.6565,111693.8343,23.9928,124287.758,19.9249,73131.966,18.6254,56229.2968
20200619,603976.SH,26.5244,27.3883,26.2662,26.8422,26.8124,0.02979999999999805,0.1111,59725.27,162214.932,15.5941,0.44,28.004,115891.626,27.2384,121883.833,26.5924,120926.2562,24.7903,106466.8243,24.2884,123003.0617,20.1169,73788.0538,18.6356,55936.5373
20200622,603976.SH,26.8322,28.3019,26.4151,27.7955,26.8422,0.9533000000000023,3.5515,82935.55,227943.2,21.6542,0.72,27.7339,97882.55,27.3854,115279.651,26.8636,116986.5308,25.084,104573.7867,24.5558,125123.3517,20.3215,74934.2363,18.6751,54638.0547
20200623,603976.SH,27.4579,30.1689,26.9911,29.4936,27.7955,1.6981000000000002,6.1093,118534.04,347371.649,30.9489,1.21,27.9087,99991.078,27.7657,114924.857,27.2004,116143.6192,25.4268,106092.4971,24.814,124876.117,20.5474,76591.007,18.7479,55549.1551
20200624,603976.SH,29.7915,32.0755,29.2652,31.579,29.4936,2.0854,7.0707,127663.44,398168.553,33.3325,1.28,28.5045,99186.018,28.296,115418.971,27.7886,119074.72,25.8666,108213.5095,25.0692,123381.7773,20.8023,78257.5023,18.8554,56542.2254
20200629,603976.SH,33.6247,34.7369,33.4261,34.7369,31.579,3.157899999999998,10.0,42989.92,148557.012,11.2245,0.43,30.0894,86369.644,29.1947,110875.346,28.4356,110921.8392,26.5149,106646.6105,25.4393,116492.597,21.1157,78567.7043,18.9877,55933.2519
20200630,603976.SH,38.2126,38.2126,38.2126,38.2126,34.7369,3.4757000000000033,10.0058,16421.41,63189.586,4.2876,0.19,32.3635,77708.872,30.1838,96800.249,29.3989,102794.1031,27.3652,104593.4233,25.9021,110198.2357,21.4961,78583.0778,19.1542,55470.6917
20200701,603976.SH,38.729,42.016,35.7002,40.3179,38.2126,2.1052999999999997,5.5094,212844.08,834529.417,55.573,2.74,34.868,103690.578,31.301,100786.564,30.479,109726.5477,28.319,112725.5319,26.5111,111292.2687,21.9163,81944.9758,19.342,56748.4941
20200702,603976.SH,38.8382,39.7022,37.2394,38.2225,40.3179,-2.095400000000005,-5.1972,158919.44,612773.164,41.4934,1.53,36.6138,111767.658,32.2612,105879.368,31.4385,115149.1069,29.0765,114618.4976,27.0143,111232.741,22.3009,84412.4315,19.5156,57624.1944
20200703,603976.SH,37.2195,41.1024,36.2464,39.3248,38.2225,1.1023000000000067,2.8839,167350.41,652503.583,43.6947,1.5,38.1629,119705.052,33.3337,109445.535,32.2848,115932.0323,29.7802,119033.3152,27.477,111098.4693,22.701,87051.5867,19.699,58681.2054
20200706,603976.SH,38.729,43.2573,37.2593,43.2573,39.3248,3.9324999999999974,10.0001,165202.14,678660.345,43.1338,1.38,39.867,144147.496,34.9782,115258.57,33.3703,115333.6638,30.6843,120511.8943,28.1179,110955.458,23.1606,89486.1423,19.9123,59699.7099
20200707,603976.SH,44.2007,47.587,41.7081,47.587,43.2573,4.3297000000000025,10.0092,157858.54,722467.467,41.2164,1.1,41.7419,172434.922,37.0527,125071.897,34.8294,119169.5977,31.7545,121862.6871,28.9832,112127.7647,23.6859,91795.6397,20.1635,60698.5933
20200708,603976.SH,47.9,52.36,45.57,52.36,47.6,4.759999999999998,10.0,130317.98,656450.696,34.0256,0.76,44.1503,155929.702,39.5092,129810.14,36.6571,119064.1546,33.1081,123803.5848,29.9854,113583.66,24.2888,93636.7657,20.4548,61554.7931
20200709,603976.SH,51.6,57.6,50.78,57.6,52.36,5.240000000000002,10.0076,93797.94,519802.362,24.4904,0.6,48.0258,142905.402,42.3198,127336.53,39.0253,118043.0892,34.5974,121175.9929,31.1606,113939.5187,24.9822,94878.5347,20.7866,62000.9731
20200710,603976.SH,59.78,63.36,58.5,63.36,57.6,5.759999999999998,10.0,92776.78,576911.375,24.2237,0.65,52.8329,127990.676,45.4979,123847.864,41.8344,120585.5131,36.3912,119780.5071,32.5685,114502.2513,25.7815,96136.311,21.1694,62494.4729
20200713,603976.SH,68.0,69.7,57.02,65.0,63.36,1.6400000000000006,2.5884,185957.21,1186323.219,48.5529,1.45,57.1814,132141.69,48.5242,138144.593,44.6963,128510.2562,38.2352,122791.6933,34.0566,118716.2137,26.6094,99072.5112,21.5613,63616.333
20200714,603976.SH,62.6,65.05,58.6,59.33,65.0,-5.670000000000002,-8.7231,116108.45,715560.245,30.3156,0.88,59.53,123791.672,50.6359,148113.297,46.9914,128323.6723,39.8342,124109.8971,35.358,121184.1687,27.3367,100820.1687,21.9054,64289.4768
20200715,603976.SH,60.0,65.2,59.4,64.65,59.33,5.320000000000007,8.9668,144277.37,904776.477,37.6704,1.17,61.988,126583.55,53.0692,141256.626,49.5353,129601.6669,41.5642,123495.849,36.7692,122021.1757,28.1508,102991.1515,22.2938,65214.2165
20200716,603976.SH,62.0,64.64,58.19,58.19,64.65,-6.460000000000008,-9.9923,88850.79,533647.254,23.1987,0.7,62.106,125594.12,55.0659,134249.761,51.3394,133129.4262,42.9472,119489.6519,37.8906,122494.894,28.8525,104091.918,22.6297,65712.1664
20200717,603976.SH,52.37,60.15,52.37,53.08,58.19,-5.109999999999999,-8.7816,118269.6,641968.846,30.8798,0.94,60.05,130692.684,56.4414,129341.68,52.483,140963.9023,44.112,119979.09,38.8509,121965.4813,29.476,105737.178,22.9261,66488.1519
20200720,603976.SH,52.8,56.0,51.01,54.74,53.08,1.6600000000000037,3.1274,91669.79,487038.775,23.9347,0.7,57.998,111835.2,57.5897,121988.445,53.5924,131642.8031,45.3567,118073.4257,39.8385,120704.7447,30.1177,106779.1757,23.2355,67088.7501
20200721,603976.SH,54.74,57.75,53.5,56.82,54.74,2.0799999999999983,3.7998,95852.81,537816.699,25.0269,0.86,57.496,107784.072,58.513,115787.872,55.023,126791.5238,46.7857,117539.1886,40.9347,120914.534,30.7967,108068.2275,23.5637,67749.8552
20200722,603976.SH,56.8,60.25,54.56,59.98,56.82,3.1599999999999966,5.5614,100878.63,589758.421,26.3391,0.94,56.562,99104.324,59.275,112843.937,56.6119,121678.31,48.3637,119498.8724,42.0565,119311.2427,31.517,109107.3797,23.9168,68417.9104
20200723,603976.SH,58.55,65.98,58.01,65.98,59.98,6.000000000000007,10.0033,152399.19,975944.46,39.791,1.54,58.12,111814.004,60.113,118704.062,58.3598,120693.4677,50.182,122806.6648,43.3995,120321.8163,32.3401,111075.0462,24.3141,69149.5356
20200724,603976.SH,68.0,72.58,65.32,67.23,65.98,1.25,1.8945,187220.62,1292198.811,48.8827,1.67,60.95,125604.208,60.5,128148.446,59.8708,122952.0892,51.979,126077.4543,44.7646,122471.7603,33.1958,113809.0627,24.7278,70390.3407
20200727,603976.SH,63.5,73.95,62.28,73.95,67.23,6.719999999999999,9.9955,150891.67,1044853.766,39.3974,1.2,64.792,137448.584,61.395,124641.892,61.5315,124534.6808,53.9966,127183.5605,46.3713,124553.9437,34.169,116070.1338,25.2075,71375.2663
20200728,603976.SH,72.94,79.0,70.5,73.1,73.95,-0.8500000000000085,-1.1494,163861.85,1230323.223,42.7838,1.19,68.048,151050.392,62.772,129417.232,62.7238,129924.2123,55.8234,132939.3667,47.8639,124776.926,35.1384,118510.6443,25.6937,72688.9733
20200729,603976.SH,72.89,80.0,71.0,76.76,73.1,3.660000000000011,5.0068,156518.32,1180624.48,40.8665,1.04,71.404,162178.33,63.983,130641.327,63.7546,134827.4077,57.659,139610.6481,49.451,124228.1723,36.1439,120527.2078,26.2,73622.7388
20200730,603976.SH,78.0,84.44,76.66,84.44,76.76,7.679999999999993,10.0052,165636.28,1345575.424,43.2471,1.02,75.096,164825.748,66.608,138319.876,65.25,133264.2592,59.7601,137362.6576,51.3117,126149.6683,37.2731,122498.019,26.7675,74683.2361
20200731,603976.SH,84.0,92.88,81.5,92.88,84.44,8.439999999999998,9.9953,149341.93,1313516.469,38.9927,0.91,80.226,157250.01,70.588,141427.109,67.8308,135820.6808,62.3628,136906.5857,53.4544,126738.108,38.549,124216.264,27.4,75549.827
20200803,603976.SH,94.0,102.17,94.0,102.17,92.88,9.290000000000006,10.0022,112841.35,1126122.742,29.4625,0.72,85.87,149639.946,75.331,143544.265,70.7169,133402.5254,65.3554,134310.9162,55.9663,126930.4267,39.9795,125609.0923,28.1102,76140.8916
20200804,603976.SH,105.02,108.0,91.95,91.95,102.17,-10.219999999999999,-10.0029,177324.59,1719270.215,46.2989,1.19,89.64,152332.494,78.844,151691.443,73.3138,140208.2023,67.6741,134888.1757,58.1366,130850.404,41.2125,126926.7328,28.7388,77361.6285
20200805,603976.SH,82.98,96.7,82.76,91.14,91.95,-0.8100000000000023,-0.8809,142412.06,1255681.651,37.1834,0.93,92.516,149511.242,81.96,155844.786,76.2415,142065.3146,69.7481,134152.629,60.2481,132832.9543,42.4019,128978.153,29.3637,78321.3568
20200806,603976.SH,88.0,90.97,83.0,83.87,91.14,-7.269999999999996,-7.9767,114356.38,976591.377,29.8581,0.76,92.402,139255.262,83.749,152040.505,78.4823,143810.4369,71.2486,133392.5529,62.0606,132693.699,43.4373,128784.908,29.928,79138.3591
20200807,603976.SH,83.87,91.88,83.87,90.11,83.87,6.239999999999995,7.4401,125919.43,1101843.191,32.8772,0.9,91.848,134570.762,86.037,145910.386,81.0431,146123.2538,72.7967,134922.1476,64.0116,132635.5653,44.5404,128008.6713,30.5485,79966.5461
20200810,603976.SH,86.46,88.2,81.8,83.19,90.11,-6.920000000000002,-7.6795,92079.46,779430.777,24.0417,0.68,88.052,130418.384,86.961,140029.165,82.8285,145446.3946,73.741,134888.9419,65.6267,134271.8833,45.533,125382.2402,31.111,80594.1144
20200811,603976.SH,82.71,85.4,78.0,79.18,83.19,-4.009999999999991,-4.8203,93310.51,757679.962,24.3631,0.72,85.498,113615.568,87.569,132974.031,83.8438,140901.1115,74.4162,130477.1943,66.9923,136834.8533,46.4472,123516.5445,31.6349,81157.9378
20200812,603976.SH,80.99,80.99,71.4,73.5,79.18,-5.680000000000007,-7.1735,95500.8,708262.439,24.935,0.84,81.97,104233.316,87.243,126872.279,84.3262,133845.7408,75.091,129495.8776,68.0984,132923.4107,47.3048,122107.8397,32.1082,81670.0502
20200813,603976.SH,74.36,74.6,70.2,73.01,73.5,-0.4899999999999949,-0.6667,82541.68,600163.463,21.5514,0.79,79.798,97870.376,86.1,118562.819,84.2538,128588.0492,75.489,126556.0829,69.258,130377.4853,48.1361,120805.1132,32.579,82111.2134
20200814,603976.SH,72.0,73.28,67.03,71.6,73.01,-1.4100000000000108,-1.9312,79765.5,562416.759,20.8265,0.82,76.096,88639.59,83.972,111605.176,84.1385,122119.0992,76.1276,126123.45,70.3338,127457.9883,48.9054,119278.2288,33.037,82549.4858
20200817,603976.SH,72.0,78.36,71.2,76.96,71.6,5.359999999999999,7.486,102750.21,774058.018,26.8278,1.16,74.85,90773.74,81.451,110596.062,84.1538,117983.0908,77.2648,125384.4314,71.4572,125376.2573,49.7876,118165.8577,33.5376,83089.116
20200818,603976.SH,76.0,76.55,73.06,74.49,76.96,-2.469999999999999,-3.2095,81137.99,604140.52,21.1849,0.89,73.912,88339.236,79.705,100977.402,83.3885,111483.2223,78.2052,124882.9171,72.354,122818.9057,50.6686,117473.3352,34.0088,83239.7666
20200819,603976.SH,73.0,73.0,67.17,67.62,74.49,-6.86999999999999,-9.2227,90815.72,626645.424,23.7117,1.03,72.736,87402.22,77.353,95817.768,81.4454,106981.2062,78.7195,124643.0557,72.8627,121502.1637,51.424,117542.9118,34.4118,83140.354
20200820,603976.SH,65.5,72.3,63.66,68.57,67.62,0.9499999999999886,1.4049,83645.32,577142.496,21.8395,0.96,71.848,87622.948,75.823,92746.662,78.8608,104735.3577,79.1286,123822.4219,73.2283,121163.743,52.1945,117551.6308,34.8328,83324.7542
20200821,603976.SH,68.57,69.71,65.1,65.96,68.57,-2.6099999999999994,-3.8063,71740.72,481482.408,18.7313,0.82,70.72,86017.992,73.408,87328.791,76.8615,96613.5215,79.1276,119981.5424,73.315,120462.541,52.9418,117482.3962,35.236,83597.5295
20200824,603976.SH,66.67,68.57,63.8,67.33,65.96,1.3700000000000045,2.077,62701.8,417756.85,4.1469,0.73,68.794,78008.31,71.822,84391.025,75.03,90481.9631,79.1324,114052.0748,73.3927,116354.0273,53.7246,117535.1205,35.6597,83844.2621
20200825,603976.SH,68.0,68.9,64.9,65.2,67.33,-2.1299999999999955,-3.1635,50917.8,337178.661,3.3676,0.65,66.936,71964.272,70.424,80151.754,73.5938,85602.0723,78.7157,109291.4143,73.5883,114181.0057,54.4732,117682.5872,36.0621,84053.7528
20200826,603976.SH,65.59,65.99,61.4,62.21,65.2,-2.990000000000002,-4.5859,57813.81,364297.96,3.8237,0.8,65.854,65363.89,69.295,76383.055,71.4477,80363.1785,78.1971,104241.5076,73.507,111298.887,55.1381,116660.0313,36.4355,84257.2688
20200827,603976.SH,62.57,62.93,60.71,62.42,62.21,0.21000000000000085,0.3376,38838.2,239832.577,2.5687,0.59,64.624,56402.466,68.236,72012.707,69.85,76267.6969,77.5143,98637.6924,73.648,109631.8007,55.7693,116063.3473,36.8108,84383.2902
20200828,603976.SH,62.5,63.37,60.99,62.8,62.42,0.37999999999999545,0.6088,57708.2,359291.349,3.8167,1.02,63.992,53595.962,67.356,69806.977,68.59,73529.0577,76.4838,93498.26,73.972,107613.0873,56.4115,114789.2843,37.1841,84538.7865
20200831,603976.SH,60.7,61.8,59.38,60.35,62.8,-2.4499999999999957,-3.9013,57027.93,346444.003,3.7717,1.06,62.596,52461.188,65.695,65234.749,67.5785,70569.6062,74.9348,89102.3552,74.159,106458.3587,56.9987,113581.5517,37.5384,84709.2613
20200901,603976.SH,60.27,60.74,58.3,59.69,60.35,-0.6600000000000037,-1.0936,38863.4,230244.128,2.5703,0.74,61.494,50050.308,64.215,61007.29,66.5538,67209.7385,72.9119,85579.5957,74.2547,104558.7117,57.5947,112736.6228,37.8943,84777.8097
20200902,603976.SH,59.99,60.48,58.31,59.05,59.69,-0.6400000000000006,-1.0722,40685.4,240895.433,2.6908,0.81,60.862,46624.626,63.358,55994.258,65.5885,64203.5769,71.3452,79072.9676,74.2237,102552.2707,58.1401,110931.7567,38.245,84868.3522
20200903,603976.SH,59.07,59.76,56.66,57.0,59.05,-2.049999999999997,-3.4716,48923.8,283419.863,3.2357,1.05,59.778,48641.746,62.201,52522.106,64.0531,60063.0838,69.7195,74621.1457,73.9243,99103.091,58.6619,109712.4537,38.5794,85096.7272
20200904,603976.SH,55.55,57.15,55.02,56.82,57.0,-0.17999999999999972,-0.3158,35498.43,199135.01,2.3478,0.73,58.582,44199.792,61.287,48897.877,62.6938,56552.3485,68.4314,70866.0052,73.5773,94045.6847,59.171,108258.7225,38.9155,85231.1391
20200907,603976.SH,56.7,57.2,52.6,53.04,56.82,-3.780000000000001,-6.6526,44930.2,244515.901,2.9716,1.02,57.12,41780.246,59.858,47120.717,61.5723,53022.6931,66.6662,67009.3752,72.8803,90513.6357,59.6258,107533.7897,39.2244,85416.9125
20200908,603976.SH,53.02,53.8,51.65,52.43,53.04,-0.6099999999999994,-1.1501,32938.4,173610.849,2.1785,0.79,55.668,40595.246,58.581,45322.777,60.3308,49122.1608,65.2014,64193.1343,72.1913,86149.5207,60.0276,105463.2233,39.5336,85519.0475
20200909,603976.SH,51.5,52.0,48.5,48.7,52.43,-3.729999999999997,-7.1142,45196.8,224644.664,2.9892,1.11,53.598,41497.526,57.23,44061.076,59.0031,47080.3208,63.75,61902.0052,71.256,82438.8033,60.3535,103333.4878,39.8148,85742.345
20200910,603976.SH,49.4,50.4,47.08,47.38,48.7,-1.3200000000000003,-2.7105,41707.2,203335.518,2.7584,1.01,51.674,40054.206,55.726,44347.976,57.4685,45465.3515,62.5062,59340.4052,70.0207,78307.834,60.6662,102228.7512,40.0858,85957.8342
20200911,603976.SH,47.6,48.0,46.6,47.99,47.38,0.6099999999999994,1.2875,32363.2,153387.651,2.1404,0.81,49.908,39427.16,54.245,41813.476,56.1446,44038.0746,61.3148,56950.9538,68.5243,74408.543,60.9894,100573.3255,40.3613,86090.1575
20200914,603976.SH,48.39,48.54,46.7,47.27,47.99,-0.7199999999999989,-1.5003,32598.28,155112.34,2.156,0.83,48.754,36960.776,52.937,39370.511,54.9954,42098.4185,60.1562,54704.8957,66.6943,71733.774,61.3303,99332.1003,40.6276,86232.0332
20200915,603976.SH,47.67,52.0,46.02,52.0,47.27,4.729999999999997,10.0063,88373.63,434574.981,5.8448,2.39,48.668,48047.822,52.168,44321.534,54.1938,45908.8362,58.9676,54020.2967,65.3627,68768.742,61.7496,99809.573,40.9333,86798.8134
20200916,603976.SH,52.91,54.99,52.02,53.18,52.0,1.1799999999999997,2.2692,143797.59,769967.807,9.5104,2.99,49.564,67767.98,51.581,54632.753,53.4538,52531.0969,57.9529,57004.0871,64.0973,68814.9263,62.1727,100823.9403,41.2471,87879.0883
20200917,603976.SH,53.02,53.02,49.1,50.07,53.18,-3.1099999999999994,-5.8481,81049.36,407223.853,5.3604,1.2,50.102,75636.412,50.888,57845.309,52.6631,54378.8992,57.1171,56539.0224,62.9707,67704.6923,62.5156,100199.1957,41.5315,88395.1013
20200918,603976.SH,49.8,53.5,49.0,51.89,50.07,1.8200000000000003,3.6349,74691.77,383888.945,4.9399,0.99,50.882,84102.126,50.395,61764.643,52.0631,57134.9277,56.3229,56112.6629,61.6967,65997.1037,62.8541,99316.3345,41.8282,88786.9184
20200921,603976.SH,51.99,53.75,50.6,52.73,51.89,0.8399999999999963,1.6188,63431.0,332252.461,4.1952,0.75,51.974,90268.67,50.364,63614.723,51.5769,58884.5892,55.6929,55716.9619,60.6813,65042.155,63.154,99657.0192,42.1349,89112.3617
20200922,603976.SH,52.49,58.0,52.0,58.0,52.73,5.270000000000003,9.9943,119657.04,668995.023,7.9138,1.33,53.174,96525.352,50.921,72286.587,51.6538,64325.6077,55.2486,58429.1162,59.9753,65920.3727,63.4838,101377.613,42.4899,89980.3454
20200923,603976.SH,59.0,63.8,56.6,63.8,58.0,5.799999999999997,10.0,148752.77,919225.594,9.8381,1.54,55.298,97516.388,52.431,82642.184,52.1908,73037.48,55.1819,63087.9243,59.652,67695.4383,63.8752,100309.4245,42.8957,91127.2002
20200924,603976.SH,63.02,70.18,61.05,70.18,63.8,6.38000000000001,10.0,170689.66,1154732.016,11.289,1.75,59.32,115444.448,54.711,95540.43,53.5092,82711.2846,55.5614,68462.9648,59.5577,70633.7043,64.4078,100505.5948,43.3544,92459.0132
20200925,603976.SH,71.02,77.0,66.36,71.9,70.18,1.7199999999999989,2.4508,213016.09,1547886.77,14.0884,1.85,63.322,143109.312,57.102,113605.719,55.0069,96563.4146,56.0129,76757.15,59.5677,75075.3907,64.9507,101266.6895,43.8259,94159.1381
20200928,603976.SH,70.39,71.06,64.71,64.71,71.9,-7.190000000000012,-10.0,85487.95,566807.741,5.654,0.6,65.718,147520.702,58.846,118894.686,56.2385,99662.7338,56.1038,78079.9952,59.1593,74499.982,65.3083,99938.1197,44.2344,94712.131
20200929,603976.SH,60.13,68.76,58.24,64.96,64.71,0.25,0.3863,154061.23,945286.996,10.1892,1.04,67.11,154401.54,60.142,125463.446,57.5908,108305.3515,56.3233,82700.6286,58.8417,76930.7567,65.5978,99874.8312,44.6419,95835.2354
20200930,603976.SH,62.71,64.8,60.16,61.3,64.96,-3.6599999999999966,-5.6342,89166.96,558416.513,5.8973,0.58,66.61,142484.378,60.954,120000.383,58.6146,112674.8715,56.4,85096.0362,58.631,76875.798,65.7468,99188.9808,45.0178,96412.8732
20201009,603976.SH,61.9,67.43,61.18,67.43,61.3,6.13000000000001,10.0,110255.36,711977.503,7.292,0.77,66.06,130397.518,62.69,122920.983,60.1654,118648.4931,56.799,88408.8914,58.593,77762.7993,65.9107,99463.2712,45.4464,97170.9029
20201012,603976.SH,69.6,71.97,67.6,69.48,67.43,2.049999999999997,3.0402,129496.56,902615.525,8.5646,0.99,65.576,113693.612,64.449,128401.462,61.51,121811.7954,57.3933,92245.6895,58.7103,79687.994,66.0127,100075.2675,45.8971,98105.7892
20201013,603976.SH,69.6,76.43,67.5,76.43,69.48,6.950000000000003,10.0029,167423.5,1243415.17,11.073,1.47,67.92,130080.722,66.819,138800.712,63.2985,123629.1731,58.3271,98527.8357,59.0137,83178.7173,66.2032,99766.3723,46.4063,99419.4417
20201014,603976.SH,75.5,80.98,73.02,73.75,76.43,-2.680000000000007,-3.5065,183166.31,1409922.783,12.1142,1.41,69.678,135901.738,68.394,145151.639,65.12,131484.3231,59.3133,105110.5076,59.2987,87587.001,66.4435,100884.0033,46.8901,100852.086
20201015,603976.SH,72.5,80.0,72.33,78.26,73.75,4.510000000000005,6.1153,129609.95,989178.903,8.5721,0.95,73.07,143990.336,69.84,143237.357,67.1485,135708.7985,60.5433,109713.9148,59.8337,89980.2057,66.6703,100639.5463,47.4105,101815.3489
20201016,603976.SH,78.0,86.09,76.0,86.09,78.26,7.829999999999998,10.0051,155509.02,1282243.844,10.285,1.08,76.802,153041.068,71.431,141719.293,69.7146,142791.7231,62.3238,114966.8776,60.6227,93869.233,67.1353,101750.5168,47.9939,102921.2174
20201019,603976.SH,87.0,89.89,81.53,86.11,86.09,0.01999999999999602,0.0232,159078.92,1368114.214,10.5211,1.04,80.128,158957.54,72.852,136325.576,71.8769,145824.1754,64.1681,120556.0071,61.3997,97248.257,67.6858,102430.6722,48.5809,104083.9251
20201020,603976.SH,83.6,94.72,83.3,94.72,86.11,8.61,9.9988,154228.07,1392540.324,10.2003,0.97,83.786,156318.454,75.853,143199.588,74.2554,146245.3523,66.3933,126359.0962,62.5453,100488.2617,68.3522,103473.3102,49.2349,105126.2429
20201021,603976.SH,91.69,103.0,85.27,86.86,94.72,-7.859999999999999,-8.2981,209924.84,2004681.378,13.8839,1.34,86.408,161670.16,78.043,148785.949,75.5385,149263.4431,68.2786,134803.2181,63.451,106190.3097,68.8528,105374.5107,49.8248,106721.3691
20201022,603976.SH,79.0,83.22,78.17,78.17,86.86,-8.689999999999998,-10.0046,148966.66,1182810.585,9.8523,0.92,86.39,165541.502,79.73,154765.919,76.0208,144336.5638,69.5248,137688.6005,64.0883,109799.685,69.156,106175.9778,50.3365,107641.6787
20201023,603976.SH,75.0,77.15,70.64,72.0,78.17,-6.170000000000002,-7.8931,167050.61,1228713.497,11.0483,1.01,83.572,167849.82,80.187,160445.444,76.5815,150610.6146,70.421,138795.8871,64.5883,113737.2453,69.2563,106420.1682,50.7982,108747.6072
20201026,603976.SH,72.31,74.69,70.5,72.2,72.0,0.20000000000000284,0.2778,110907.61,810215.263,7.3352,0.66,80.79,158215.558,80.459,158586.549,77.1385,147291.1054,71.4748,140217.7086,65.101,116250.8847,69.3392,105148.2847,51.2675,109478.6737
20201027,603976.SH,70.98,72.19,68.02,68.65,72.2,-3.549999999999997,-4.9169,117073.59,815080.216,7.743,0.74,75.576,150784.662,79.681,153551.558,77.7038,149437.7692,72.2729,142235.8905,65.6213,118655.6643,69.2508,104584.65,51.7099,110327.3919
20201028,603976.SH,69.08,69.08,65.0,67.29,68.65,-1.3599999999999994,-1.9811,87484.45,583700.277,5.786,0.58,71.662,126296.584,79.035,143983.372,77.6931,147686.1608,72.9662,143381.2929,66.1167,120473.866,69.154,103311.6933,52.1462,110911.1688
20201029,603976.SH,67.82,74.02,67.65,74.02,67.29,6.72999999999999,10.0015,168271.8,1191079.584,11.1291,1.33,70.832,130157.612,78.611,147849.557,78.0423,150668.8715,73.729,145696.2814,66.9607,124576.366,69.1083,103507.5847,52.6261,112017.3962
20201030,603976.SH,75.49,80.98,73.32,77.03,74.02,3.010000000000005,4.0665,188910.15,1454224.684,12.4941,1.45,71.838,134529.52,77.705,151189.67,78.0885,152321.6908,74.359,147608.5376,67.949,129483.131,68.9848,103895.4825,53.1289,113196.7507
20201102,603976.SH,75.8,80.49,71.66,72.3,77.03,-4.730000000000004,-6.1405,148189.27,1132842.158,9.8009,1.1,71.858,141985.852,76.324,150100.705,77.9769,149631.1492,74.46,146537.0905,68.7593,133344.0,68.6418,103876.2715,53.5954,114046.2677
20201103,603976.SH,72.0,79.4,68.8,76.85,72.3,4.549999999999997,6.2932,147087.42,1095131.172,9.728,1.04,73.498,147988.618,74.537,149386.64,77.8685,150975.57,74.6957,143397.63,69.7453,137160.3047,68.2198,104447.0393,54.0997,115028.0658
20201104,603976.SH,76.76,78.59,73.42,75.41,76.85,-1.4399999999999977,-1.8738,113677.19,860548.116,7.5183,0.77,75.122,153227.166,73.392,139761.875,77.0469,147757.7369,75.2052,144739.9748,70.5257,138003.7567,67.9442,103386.2493,54.5783,115156.4911
20201105,603976.SH,75.6,76.25,73.01,74.33,75.41,-1.0799999999999983,-1.4322,82448.08,614705.933,5.4529,0.54,75.184,136062.422,73.008,133110.017,76.1408,141863.0569,75.6514,141329.8248,71.2307,135958.773,67.664,102386.8497,55.033,115682.5013
20201106,603976.SH,73.45,74.31,69.0,69.98,74.33,-4.349999999999994,-5.8523,88203.68,624983.341,5.8336,0.65,73.774,115921.128,72.806,125225.324,74.2377,136784.2577,76.0648,141283.9543,71.8943,136197.2503,67.4325,101950.9713,55.4349,115367.9397
20201109,603976.SH,70.02,76.1,70.02,74.2,69.98,4.219999999999999,6.0303,103918.07,763840.84,6.8729,0.9,74.154,107066.888,73.006,124526.37,73.2638,128629.8908,76.3871,140982.1786,72.638,137171.4603,67.1673,101584.282,55.8539,114796.4767
20201110,603976.SH,77.7,81.0,74.0,74.88,74.2,0.6799999999999926,0.9164,121918.6,936430.072,8.0634,1.14,73.76,102033.124,73.629,125010.871,73.0108,126549.2708,76.6443,140621.3233,73.3763,139121.047,67.0288,102081.601,56.2809,113731.9206
20201111,603976.SH,72.82,80.0,70.46,77.33,74.88,2.450000000000003,3.2719,136500.65,1023197.43,9.0278,1.34,74.144,106597.816,74.633,129912.491,73.4208,124199.2738,76.6871,139148.8067,74.0207,139682.5007,66.998,102801.4367,56.7226,113158.9906
20201112,603976.SH,75.5,79.45,74.75,75.04,77.33,-2.289999999999992,-2.9613,95473.45,732268.91,6.3144,0.9,74.286,109202.89,74.735,122632.656,73.6392,123012.0308,76.7486,134972.9562,74.3953,137906.5233,67.0237,102800.9808,57.1642,112454.4102
20201113,603976.SH,72.88,75.27,71.04,72.7,75.04,-2.3400000000000034,-3.1183,59419.6,433562.605,3.9299,0.54,74.83,103446.074,74.302,109683.601,73.9508,118577.1085,76.4838,131630.5586,74.4793,134197.5213,67.0185,102415.6128,57.5773,111610.363
20201116,603976.SH,72.7,73.9,70.53,71.9,72.7,-0.7999999999999972,-1.1004,57689.28,415559.912,3.8154,0.56,74.37,94200.316,74.262,100633.602,74.3054,116285.1723,75.8081,126972.4757,74.4793,129019.961,67.0235,102047.6758,57.9645,110662.9523
20201117,603976.SH,71.0,71.13,66.79,67.27,71.9,-4.63000000000001,-6.4395,76048.32,521337.257,5.0297,0.81,72.848,85026.26,73.304,93529.692,73.7862,109191.0585,74.911,123018.6376,74.5647,128705.3067,66.862,101602.6443,58.3248,109884.251
20201118,603976.SH,67.2,67.73,62.5,62.73,67.27,-4.539999999999999,-6.7489,76859.4,495143.996,5.0833,0.9,69.928,73098.01,72.036,89847.913,72.6862,100571.77,73.3876,119334.4152,74.4903,126131.9123,66.666,101531.3345,58.6673,109502.3348
20201119,603976.SH,61.5,65.48,60.56,63.9,62.73,1.1700000000000017,1.8651,68197.08,433472.139,4.5104,0.93,67.7,67642.736,70.993,88422.813,72.04,94418.5246,72.2943,112585.4743,74.577,125432.9163,66.604,101154.3572,59.014,109348.6345
20201120,603976.SH,64.0,64.8,62.66,64.0,63.9,0.10000000000000142,0.1565,46053.4,292497.093,3.0459,0.68,65.96,64969.496,70.395,84207.785,71.0515,86646.6769,71.6195,107684.8429,74.4627,123292.851,66.5278,100527.8252,59.3611,109039.728
20201123,603976.SH,64.98,67.61,64.62,66.39,64.0,2.3900000000000006,3.7344,63926.6,424674.148,4.2279,0.98,64.858,66216.96,69.614,80208.638,70.3577,82819.7085,71.3524,102774.1757,74.3597,121107.1857,66.535,100397.5898,59.7384,108939.993
20201124,603976.SH,65.29,65.94,63.31,63.5,66.39,-2.8900000000000006,-4.3531,48875.8,313085.697,3.2325,0.74,64.104,60782.456,68.476,72904.358,69.5246,80237.2254,70.9381,99820.28,73.9287,117155.5957,66.4712,100167.1565,60.0979,108851.1385
20201125,603976.SH,63.0,68.4,62.3,66.7,63.5,3.200000000000003,5.0394,88802.6,587017.826,5.8732,1.46,64.898,63171.096,67.413,68134.553,69.2723,80283.2962,70.8452,98474.0424,73.6937,114010.1387,66.4962,100798.5698,60.4847,109240.5785
20201126,603976.SH,65.38,65.8,63.27,63.9,66.7,-2.8000000000000043,-4.1979,50957.8,327167.987,3.3702,0.81,64.898,59723.24,66.299,63682.988,68.48,76209.4292,70.6838,96734.6781,73.215,111388.4003,66.5243,100684.303,60.8312,108672.1672
20201127,603976.SH,63.42,64.8,62.58,63.17,63.9,-0.7299999999999969,-1.1424,32618.0,207014.597,2.1573,0.55,64.732,57036.16,65.346,61002.828,67.5792,69340.1523,70.1671,90274.9733,72.451,107292.033,66.5368,100580.633,61.1531,108321.9902
20201130,603976.SH,65.0,66.4,63.87,64.84,63.17,1.6700000000000017,2.6437,50136.4,326547.679,3.3159,0.88,64.422,54278.12,64.64,60247.54,66.6185,62696.7485,69.5867,83666.6995,71.742,103660.6157,66.5708,100454.4363,61.4911,107621.8603
